0 44
1 62
1 32
1 3
0 0
1 202
1 150
1 38
1 68
1 2
1 24
0 0
1 42
1 35
1 58
1 8
-1 16
1 97
1 112
1 34
1 26
-1 30
1 26
1 7
1 28
1 88
1 20
-1 99
-1 15
1 20
1 99
1 17
1 312
1 10
1 23
0 0
1 114
1 3
1 10
1 12
1 226
1 15
-1 -1
1 22
1 4
1 22
0 0
0 0
0 0
1 38
1 68
-1 14
0 0
1 3
1 25
-1 57
-1 51
1 31
0 0
1 98
-1 13
1 16
0 0
0 0
1 8
-1 -3
1 10
1 10
0 0
1 39
-1 35
-1 9
1 13
-1 3
1 13
-1 34
0 0
1 52
1 78
-1 24
1 28
0 0
0 0
0 0
0 0
-1 31
1 13
1 6
1 141
1 7
1 27
1 14
1 12
1 13
-1 3
1 21
1 31
1 18
1 13
1 6
1 9
1 11
1 1
1 7
1 19
-1 17
0 0
1 27
1 5
1 22
1 53
0 0
0 0
0 0
1 28
0 0
1 97
1 7
0 0
1 90
1 60
0 0
1 45
1 2
1 69
1 73
1 19
1 33
1 49
1 58
1 13
0 0
-1 -16
-1 56
1 21
1 3
-1 23
1 34
-1 111
0 0
0 0
1 24
1 68
0 0
0 0
0 0
1 23
-1 -6
1 11
1 71
1 142
1 106
1 51
1 2
1 64
1 48
1 94
1 3
-1 26
1 35
0 0
1 46
1 15
1 19
1 157
0 0
1 25
1 9
1 20
1 77
-1 -3
1 13
0 0
1 7
-1 -1
1 7
-1 53
1 28
-1 16
1 5
1 67
-1 27
1 7
1 80
1 17
1 54
1 19
1 14
1 18
1 156
-1 69
0 0
0 0
1 6
1 27
-1 5
1 3
1 8
0 0
0 0
1 19
1 12
1 5
1 4
-1 31
0 0
1 2
1 39
1 23
1 17
1 10
-1 -60
1 23
1 24
1 23
-1 8
-1 79
0 0
1 4
1 50
0 0
0 0
1 149
1 18
0 0
1 9
0 0
-1 25
1 17
1 9
1 22
1 85
1 40
1 29
-1 -7
1 4
1 14
1 16
1 85
1 233
1 10
-1 12
1 17
-1 34
-1 26
0 0
1 22
1 11
1 31
1 7
0 0
1 24
1 17
1 11
1 161
0 0
1 21
-1 53
-1 90
1 24
1 13
1 18
0 0
1 13
0 0
0 0
0 0
0 0
0 0
1 135
1 20
1 17
1 105
1 31
0 0
-1 2
-1 34
-1 41
1 3
0 0
1 10
-1 -6
1 40
0 0
0 0
0 0
1 24
1 56
-1 -2
0 216
1 44
1 29
1 7
1 20
1 240
0 0
1 11
1 65
-1 16
-1 36
-1 45
-1 -2
1 38
0 0
1 61
1 52
-1 -29
-1 41
-1 -28
1 37
1 3
1 88
-1 24
1 130
1 63
1 36
-1 23
-1 2
1 62
0 0
-1 13
1 18
1 51
-1 19
1 41
1 8
1 49
-1 9
-1 -16
0 0
1 108
1 35
1 19
1 17
-1 14
0 0
1 40
1 18
1 99
1 13
1 18
0 0
1 8
-1 13
-1 90
0 0
1 1
0 0
-1 14
1 34
1 10
1 7
1 110
1 2
1 17
1 10
1 44
1 81
0 0
-1 15
0 0
1 58
1 73
1 41
0 0
1 170
0 0
-1 18
1 24
1 78
1 7
1 19
1 15
-1 29
1 10
1 98
0 0
1 28
1 5
-1 1
1 9
-1 28
1 16
1 43
1 14
1 25
-1 6
0 0
1 22
1 1
-1 61
-1 4
1 24
1 11
1 20
1 3
1 17
-1 -2
1 13
1 66
1 2
1 10
1 2
0 0
0 0
1 2
1 9
0 0
-1 -5
1 47
0 0
1 11
1 16
1 98
1 11
1 37
0 0
-1 29
1 11
-1 52
0 0
-1 3
1 30
1 37
1 7
1 60
-1 -22
1 69
0 180
-1 24
1 13
-1 11
-1 51
1 43
-1 35
1 36
-1 -4
1 51
1 33
-1 5
-1 29
-1 36
1 4
1 140
1 9
1 8
1 69
0 0
1 8
0 0
1 3
1 1
0 0
1 66
0 0
1 5
1 6
1 146
1 40
0 0
1 47
1 2
1 30
1 66
1 28
-1 87
0 0
-1 16
0 0
1 3
1 30
-1 -8
0 0
-1 8
0 0
0 0
-1 112
0 0
-1 5
-1 6
1 12
1 10
1 3
-1 46
1 32
0 0
-1 16
1 87
0 0
0 0
1 13
1 32
1 65
1 60
0 0
1 78
0 0
1 39
1 67
1 85
1 39
-1 7
1 31
1 289
1 116
0 0
1 53
0 0
0 0
0 0
0 0
1 26
0 0
0 0
0 0
0 0
-1 -5
1 6
0 0
1 169
1 45
0 0
-1 6
0 0
-1 5
-1 2
1 37
1 121
1 11
1 20
1 285
0 0
1 25
1 25
0 0
-1 15
1 163
1 27
-1 3
-1 94
-1 11
1 11
1 26
1 29
1 5
1 47
1 70
1 158
-1 -2
1 129
1 36
-1 4
1 21
1 144
1 8
1 9
0 0
0 0
0 0
1 226
1 6
1 172
1 5
1 52
1 111
1 189
-1 -16
-1 43
0 0
1 60
-1 87
1 7
1 10
1 56
-1 35
-1 -2
1 35
1 11
1 166
1 53
-1 27
1 20
1 24
1 62
0 0
1 92
1 14
0 0
1 78
1 31
-1 1
-1 13
0 0
0 0
0 0
1 16
0 0
1 55
-1 5
0 0
1 65
-1 -23
1 43
1 17
-1 27
-1 13
0 0
-1 11
1 73
0 0
1 15
-1 20
-1 17
1 69
1 7
1 5
1 4
1 11
1 87
-1 -2
-1 15
0 0
1 33
1 6
1 26
1 2
1 40
1 34
1 13
0 0
0 0
-1 8
1 6
1 3
-1 29
1 107
1 58
1 10
1 6
1 22
1 75
1 30
-1 -15
1 11
0 0
1 4
0 0
1 3
1 57
1 13
-1 39
1 9
0 0
1 1
-1 35
0 0
1 41
1 14
-1 15
-1 8
-1 51
1 14
-1 39
1 21
1 204
1 229
1 128
1 11
1 18
1 36
1 3
1 48
1 8
0 0
1 128
1 30
-1 19
-1 -9
-1 27
1 5
1 128
1 18
1 1
1 38
1 79
0 0
1 39
1 18
-1 56
-1 88
1 10
1 68
1 16
1 86
-1 107
1 57
-1 7
1 41
-1 62
1 12
1 40
1 31
1 11
1 25
-1 59
1 28
1 97
-1 58
-1 1
1 54
0 0
-1 63
1 5
-1 14
1 88
1 7
1 35
0 0
0 0
1 10
0 0
1 55
1 69
-1 24
0 0
0 0
0 0
1 10
1 13
1 15
1 70
1 4
-1 8
1 152
1 3
-1 26
1 49
1 76
1 13
1 10
1 128
1 195
0 0
-1 21
1 4
1 50
1 80
0 0
-1 36
1 38
0 0
1 4
-1 7
-1 4
-1 15
1 73
-1 23
1 14
0 0
0 0
1 6
0 0
1 16
1 9
1 21
1 28
0 0
-1 8
1 5
-1 41
1 54
1 0
1 189
1 4
0 0
1 47
1 10
1 31
-1 6
1 98
1 8
1 19
1 24
-1 33
0 0
-1 3
-1 11
0 0
0 0
1 37
-1 12
1 70
-1 5
1 19
0 0
0 0
1 11
1 27
-1 5
0 0
1 46
1 9
0 0
1 6
1 20
1 111
-1 5
1 75
1 2
-1 34
1 9
0 0
0 0
0 0
1 57
1 25
1 1
1 88
-1 -1
-1 13
0 0
1 95
0 0
1 12
-1 87
-1 6
1 6
1 90
1 73
0 170
0 0
-1 15
1 46
1 7
1 14
1 3
1 117
1 27
1 19
1 76
1 61
1 19
-1 12
1 39
1 43
1 76
-1 -6
-1 13
1 17
1 30
1 7
1 46
1 75
-1 5
1 18
1 16
-1 2
1 4
1 2
0 0
1 26
-1 -6
0 0
-1 19
1 12
0 0
0 0
1 17
-1 29
1 288
-1 3
-1 24
0 0
-1 5
-1 1
1 45
1 12
1 24
-1 17
-1 18
1 14
1 52
1 7
-1 18
1 28
1 41
1 6
1 4
-1 15
0 0
1 29
1 45
0 0
-1 64
0 0
1 4
-1 64
1 26
1 8
1 4
1 25
1 5
1 9
-1 2
1 9
1 229
1 17
-1 6
1 5
1 21
1 11
1 42
1 6
-1 12
1 8
-1 2
1 15
0 0
-1 21
0 0
1 51
0 0
1 4
0 0
1 30
-1 16
0 0
0 0
1 31
1 105
0 0
-1 9
-1 1
0 0
0 0
1 55
1 21
0 0
0 0
1 80
1 25
1 36
0 0
1 35
0 0
-1 6
1 24
0 0
0 0
1 21
-1 6
-1 5
-1 4
1 18
-1 16
0 0
-1 162
-1 169
-1 15
1 55
0 0
1 38
1 36
1 76
0 0
1 13
1 32
1 16
-1 257
1 127
-1 -10
1 71
1 81
1 56
0 0
-1 -14
1 73
-1 7
1 62
-1 6
0 0
1 89
1 41
-1 59
1 2
-1 178
1 185
-1 -9
1 160
1 4
1 47
1 50
1 8
1 51
0 0
1 33
-1 -12
1 41
0 0
0 0
-1 2
0 0
0 0
-1 11
1 8
0 0
1 59
1 6
-1 11
1 5
0 0
1 95
1 50
1 283
0 0
-1 44
-1 35
1 30
0 0
1 19
1 15
1 35
0 0
1 90
1 51
1 104
1 10
1 35
1 23
0 0
1 46
1 13
1 20
1 28
-1 30
1 4
1 116
1 375
1 15
-1 200
1 17
0 0
0 0
1 42
1 7
1 155
1 176
1 106
1 27
1 14
0 0
1 10
-1 141
0 89
1 110
1 78
1 65
0 0
-1 5
-1 2
-1 159
-1 29
1 140
1 54
1 27
0 0
1 27
-1 18
0 0
0 0
1 15
1 20
1 42
1 24
1 23
1 10
1 60
0 0
-1 375
-1 14
1 20
0 0
1 265
1 122
1 13
1 6
-1 4
1 44
1 87
-1 132
1 28
0 0
1 24
1 3
1 3
1 28
1 79
1 95
1 8
1 18
1 108
0 0
1 13
1 24
0 0
0 0
0 0
1 5
0 0
0 0
-1 15
-1 55
1 19
0 0
1 23
0 0
-1 9
1 21
1 7
-1 139
0 0
1 19
0 0
-1 5
-1 7
1 3
1 19
1 2
1 8
0 0
-1 55
-1 -1
1 2
0 0
-1 4
-1 9
1 26
1 14
-1 36
1 16
-1 7
-1 8
1 19
1 18
0 0
0 0
0 0
-1 90
-1 21
1 15
-1 6
1 18
-1 16
1 1
0 0
1 221
-1 47
1 30
1 4
0 0
-1 33
1 4
0 0
1 29
1 9
1 9
0 0
0 0
1 22
0 0
1 2
0 0
1 4
0 0
0 0
0 0
0 0
0 0
0 0
-1 3
0 0
0 0
1 7
-1 18
0 0
0 0
0 0
0 0
0 0
0 0
1 38
0 0
1 11
1 90
1 26
1 13
1 142
1 77
1 22
0 56
-1 24
-1 33
-1 72
-1 41
-1 3
0 0
0 0
-1 16
1 41
1 26
0 0
1 28
1 5
1 87
0 0
1 22
1 48
0 0
1 2
1 11
0 0
-1 14
1 145
1 66
1 28
1 28
1 26
1 8
1 11
1 18
-1 34
1 115
-1 -29
1 70
1 69
0 0
-1 5
-1 7
1 10
1 57
1 50
1 55
1 7
1 39
1 52
1 7
1 17
-1 60
1 3
1 8
-1 27
1 15
-1 13
-1 7
1 5
1 18
1 51
0 0
1 35
1 145
1 28
1 34
1 86
1 30
0 0
0 36
1 23
0 0
1 64
1 24
-1 7
-1 40
0 0
1 29
0 0
1 178
1 52
-1 23
1 27
1 80
-1 8
1 41
0 0
1 70
1 2
1 542
-1 21
1 100
1 167
1 59
1 25
-1 57
1 32
1 16
0 0
-1 -18
1 318
1 36
1 35
0 0
1 35
-1 154
0 0
1 16
1 59
-1 22
-1 29
1 66
1 109
-1 37
1 33
1 8
-1 5
0 0
1 2
-1 7
1 10
1 1
0 0
-1 14
0 0
0 0
0 0
-1 48
0 0
0 0
1 14
1 46
1 3
0 0
1 26
1 310
1 33
1 47
1 71
-1 6
1 46
1 9
1 9
1 31
1 17
1 9
-1 22
1 16
0 0
-1 17
1 13
1 5
0 0
1 3
-1 13
1 26
0 0
0 0
0 0
0 0
0 0
1 10
0 0
-1 11
0 0
1 101
-1 -5
1 7
-1 4
1 3
0 0
-1 7
1 17
0 0
0 0
0 0
1 3
0 0
-1 7
0 0
1 3
1 6
1 2
0 0
-1 13
0 0
1 7
1 6
0 0
0 0
1 12
0 0
-1 16
-1 -1
1 60
0 0
-1 23
1 38
1 16
-1 18
-1 53
-1 7
-1 6
0 0
1 1
0 0
1 112
-1 39
1 70
-1 13
1 36
1 158
0 0
0 0
1 50
-1 41
1 65
-1 35
1 25
1 15
1 51
-1 36
1 51
1 3
0 0
-1 54
1 46
0 0
1 11
-1 45
0 0
1 11
-1 23
1 10
1 3
1 37
-1 4
1 84
1 80
-1 9
1 119
1 99
-1 -3
1 76
1 18
1 9
1 8
0 0
0 0
1 4
0 0
-1 -8
1 17
1 54
-1 37
1 58
-1 39
1 13
1 16
1 162
1 120
1 33
1 22
-1 -23
1 1
1 102
1 127
-1 29
-1 12
-1 145
-1 55
-1 -3
1 20
1 63
1 50
1 128
1 5
1 93
1 64
-1 65
-1 44
-1 98
0 0
1 7
-1 56
0 0
-1 5
0 0
1 23
1 32
1 17
1 18
0 0
1 11
0 0
0 0
1 10
1 5
1 65
-1 -14
1 39
1 7
1 141
0 0
1 5
-1 5
-1 58
1 5
-1 765
1 4
1 4
0 0
-1 13
1 8
1 3
-1 2
1 74
0 0
-1 22
0 0
0 0
0 0
1 895
1 8
0 0
1 233
0 0
1 6
1 25
1 98
1 2
0 0
1 101
1 16
1 140
1 55
1 9
0 0
1 14
0 0
1 6
1 2
1 114
-1 43
-1 34
1 17
-1 46
1 41
-1 5
1 35
0 0
1 90
-1 44
1 38
-1 33
1 19
1 18
0 0
1 511
0 0
1 21
1 14
0 0
1 11
1 138
1 4
-1 13
1 119
1 8
1 7
1 16
-1 14
0 0
-1 14
1 18
-1 38
0 0
1 74
1 2
0 0
1 5
1 38
1 4
1 44
0 0
1 27
-1 36
0 0
1 19
1 32
1 6
1 5
-1 7
1 24
0 0
0 0
0 0
1 7
1 35
1 9
-1 8
1 5
1 10
1 34
