1 114
-1 8
0 0
0 0
0 0
1 7
-1 13
1 176
0 0
-1 -9
0 0
1 48
0 0
-1 12
-1 12
-1 37
-1 -18
-1 4
-1 70
1 12
1 64
1 6
1 12
1 7
1 8
1 22
0 0
-1 15
1 3
1 4
-1 13
0 0
1 17
0 0
1 3
1 44
1 4
-1 -22
1 51
1 22
1 8
1 5
-1 18
1 70
-1 25
1 9
1 4
0 0
1 39
1 40
-1 -44
-1 5
0 0
-1 -13
1 33
1 4
-1 3
-1 10
1 154
-1 2
-1 159
0 0
1 23
1 121
0 0
1 24
0 0
-1 94
-1 45
1 6
0 0
0 0
0 0
0 0
1 4
1 3
1 5
0 0
-1 1
1 2
-1 -21
-1 23
0 0
-1 3
1 3
0 0
1 2
1 32
1 14
0 0
0 0
1 7
1 70
-1 37
1 12
1 77
1 3
1 12
1 6
1 9
0 0
1 10
-1 8
0 0
0 0
1 29
0 0
1 68
0 0
1 5
1 9
1 10
1 2
1 4
-1 27
0 0
1 11
-1 3
1 13
0 0
-1 7
1 54
1 75
1 15
1 18
1 4
1 5
1 93
-1 6
1 63
-1 -2
-1 21
1 72
0 0
1 20
0 0
0 0
0 0
-1 11
-1 4
0 0
1 58
-1 25
1 67
-1 2
1 58
-1 23
0 0
1 1
-1 16
0 0
0 0
-1 8
0 0
1 71
-1 2
1 47
1 152
-1 -6
-1 4
-1 2
1 121
0 0
0 0
0 0
0 0
1 11
1 57
-1 8
-1 2
1 4
0 0
-1 -2
0 0
0 0
1 47
-1 -11
1 22
-1 6
0 0
1 22
1 24
0 0
0 0
0 0
0 0
1 1
1 136
1 7
-1 18
-1 11
1 34
0 0
0 0
0 0
1 10
0 0
0 0
1 33
-1 97
0 0
1 13
1 12
1 10
1 6
-1 33
-1 13
-1 6
-1 -6
0 0
-1 1
0 0
-1 11
-1 2
0 0
1 4
-1 -2
0 0
1 9
-1 8
1 38
1 9
-1 20
0 32
1 36
1 61
0 0
-1 3
1 5
1 4
1 5
-1 8
1 5
1 17
1 12
1 6
1 9
1 33
1 18
1 70
0 0
1 7
0 0
-1 7
0 0
-1 12
0 0
0 0
-1 -6
1 6
1 4
-1 61
-1 30
0 0
1 11
0 0
0 0
-1 13
1 6
0 0
-1 5
1 25
1 32
1 34
1 4
1 36
-1 5
0 0
0 0
0 0
1 5
0 0
0 0
1 80
-1 22
-1 4
1 13
0 0
0 0
0 0
-1 4
-1 12
-1 13
0 0
0 0
1 21
1 129
1 31
0 0
0 0
1 18
1 14
0 14
1 85
1 1
-1 6
1 1
1 97
1 2
0 0
0 0
1 4
1 3
-1 36
1 8
0 0
1 10
1 92
0 0
1 22
1 11
1 90
1 12
0 0
1 10
-1 39
-1 13
1 8
1 96
1 6
1 15
0 0
1 2
-1 7
1 44
1 25
1 27
1 39
1 2
0 0
1 3
1 62
0 0
0 0
-1 16
0 0
1 4
-1 -3
0 0
0 0
1 2
1 8
1 2
1 32
0 0
-1 17
-1 1
-1 7
-1 28
1 1
1 19
1 29
1 119
1 6
0 0
1 23
-1 -43
0 0
0 0
-1 20
-1 13
1 4
1 5
-1 4
1 77
0 0
1 8
0 0
1 4
1 53
0 0
1 28
1 68
1 24
1 145
1 10
0 0
0 0
-1 11
1 57
0 0
-1 7
1 7
-1 5
1 119
0 28
1 17
1 3
1 2
-1 2
-1 8
-1 6
0 0
1 18
0 0
0 0
0 0
1 25
-1 21
1 14
1 68
1 38
1 23
-1 211
-1 1
-1 29
-1 140
1 106
1 75
-1 10
0 0
0 0
-1 20
-1 50
0 0
1 7
1 10
1 25
1 3
1 17
1 12
1 137
1 279
-1 33
1 56
-1 24
1 38
-1 20
1 36
0 0
0 0
1 2
0 0
1 96
-1 7
1 14
0 0
0 0
-1 11
1 1
1 14
1 34
1 15
1 36
0 0
0 0
1 39
1 11
1 16
0 0
-1 0
-1 13
1 29
-1 20
1 10
1 9
0 0
-1 12
0 0
-1 8
0 0
1 32
1 56
1 84
0 0
1 12
-1 38
0 0
0 30
1 17
0 0
0 0
1 2
0 0
-1 58
1 11
1 33
1 12
1 2
0 0
1 7
1 11
0 0
1 5
0 0
-1 7
1 124
-1 3
1 3
-1 23
1 5
0 0
-1 148
0 0
0 0
1 27
0 0
1 203
1 2
1 13
-1 17
1 7
1 118
1 10
1 28
0 0
0 0
1 5
1 16
0 0
1 10
-1 6
-1 3
0 0
-1 2
1 46
0 0
1 29
1 30
1 2
1 8
1 13
-1 14
0 0
0 0
1 60
1 1
-1 7
0 0
1 13
0 0
1 6
0 0
0 0
1 4
0 0
0 0
0 0
-1 1
-1 17
0 0
1 106
0 0
1 57
-1 11
-1 20
1 33
-1 21
0 0
1 7
0 0
-1 12
-1 46
1 15
1 152
0 0
0 0
-1 -3
1 3
-1 45
0 0
1 51
1 21
-1 36
-1 6
1 8
-1 17
0 0
1 56
0 0
0 0
1 7
0 0
-1 17
1 4
0 0
-1 7
0 0
0 0
0 0
1 2
1 53
1 1
1 2
1 92
1 2
0 0
1 1
0 0
1 39
1 45
0 0
0 0
-1 22
0 0
-1 46
-1 17
-1 1
-1 21
0 0
1 2
1 48
1 4
1 2
1 13
0 0
-1 3
1 96
1 63
1 64
1 64
-1 78
1 10
0 0
0 0
1 41
1 2
0 0
0 0
0 0
0 0
1 85
1 3
1 5
-1 12
1 10
1 20
1 6
1 3
0 0
1 27
1 8
0 0
1 21
-1 -96
-1 -11
-1 144
-1 20
-1 8
-1 25
1 33
-1 -10
1 86
-1 69
0 0
0 0
1 2
0 0
1 4
1 22
1 33
1 12
0 0
0 0
0 0
1 21
0 0
1 7
0 0
0 0
0 0
1 15
1 6
0 0
0 0
1 32
1 8
1 8
1 4
1 13
1 27
-1 10
0 0
0 0
0 0
1 48
0 0
1 44
0 0
1 68
0 0
0 0
0 0
1 68
1 25
0 0
1 40
1 4
0 0
1 6
-1 42
1 10
-1 5
-1 5
1 11
-1 16
-1 9
0 0
0 0
1 41
-1 12
0 0
0 0
0 0
0 0
1 2
1 24
1 59
1 2
1 33
1 9
1 4
1 8
0 0
0 0
0 0
1 3
1 23
0 0
1 4
1 63
1 7
1 37
1 8
-1 71
0 0
0 0
1 9
-1 36
-1 48
1 38
-1 13
0 0
-1 -3
1 33
-1 11
0 0
-1 24
1 15
1 60
1 13
0 0
0 0
1 41
1 213
1 2
0 0
1 12
1 6
-1 30
1 38
0 0
-1 13
1 71
0 0
1 3
-1 59
-1 27
0 0
0 0
1 4
-1 7
1 4
0 0
-1 10
1 2
0 0
0 0
0 0
1 26
1 4
-1 5
0 0
0 0
0 0
0 0
1 213
-1 18
-1 6
1 34
0 0
0 0
1 5
1 6
1 19
1 5
0 0
0 0
1 38
0 0
0 0
0 0
0 0
0 0
0 0
1 27
0 0
0 0
1 88
1 26
1 2
0 0
0 0
1 8
-1 4
0 0
1 13
0 0
0 0
0 0
0 0
1 142
0 0
0 0
0 0
-1 42
1 19
0 0
0 0
0 0
0 0
0 0
0 0
1 6
0 0
1 13
1 1
0 0
-1 10
0 0
0 0
0 0
-1 34
0 0
-1 25
1 23
1 13
1 94
-1 26
0 0
1 59
1 92
1 12
0 0
1 9
0 0
1 3
0 0
0 0
0 0
-1 26
1 12
0 0
0 0
-1 105
-1 8
1 6
0 0
-1 2
1 8
1 183
-1 1
-1 19
1 5
-1 30
1 13
1 22
1 6
1 52
1 75
0 0
-1 -1
0 0
1 37
-1 4
1 59
1 5
-1 16
0 0
-1 -2
-1 11
1 15
1 40
1 129
-1 21
0 0
0 0
-1 9
1 8
1 16
-1 -58
0 0
-1 4
1 3
-1 1
1 91
1 11
-1 2
-1 44
1 96
0 0
0 0
1 37
1 12
1 13
-1 107
1 15
1 41
1 11
-1 -24
0 0
1 13
1 136
1 55
1 17
1 33
0 0
0 0
0 0
-1 -3
1 39
0 0
0 0
1 33
1 18
0 0
0 0
0 0
-1 1
1 5
1 12
-1 14
1 14
-1 13
1 22
1 18
0 0
0 0
1 6
1 12
1 40
1 52
-1 7
-1 12
-1 14
1 8
0 0
1 35
0 0
0 0
1 12
0 0
1 97
-1 -24
1 107
1 60
1 272
1 15
1 21
1 18
1 12
-1 15
0 0
0 0
-1 23
0 0
1 12
1 59
1 13
1 36
0 0
1 312
0 0
-1 0
1 16
1 42
1 3
1 10
0 0
1 2
0 0
0 0
1 34
1 27
1 1
0 0
0 0
-1 6
1 8
-1 3
1 51
1 28
-1 16
-1 6
0 0
-1 29
-1 25
1 29
0 0
0 0
1 82
1 34
1 4
1 6
0 0
1 9
1 14
0 0
1 25
-1 6
0 0
0 0
0 0
0 0
0 0
0 0
0 0
0 0
0 0
0 0
0 0
1 4
1 4
1 41
1 4
1 13
1 19
0 0
1 11
1 46
1 6
-1 14
0 0
0 0
0 0
0 0
1 91
1 11
1 19
0 0
-1 12
1 55
0 0
1 3
1 12
1 20
0 0
0 0
0 0
-1 9
-1 11
1 13
0 0
0 0
1 22
0 71
1 10
-1 1
1 14
-1 14
1 64
0 0
-1 78
0 0
0 0
1 99
1 22
0 0
0 0
0 0
-1 3
0 0
0 0
0 0
1 6
1 16
0 0
1 8
0 0
0 0
-1 1
-1 13
1 3
1 3
0 0
0 0
-1 -7
-1 8
0 0
1 13
-1 15
1 10
0 0
0 0
0 0
-1 20
1 22
0 0
0 0
-1 11
1 177
-1 13
-1 21
1 14
1 6
1 19
0 0
-1 17
1 3
1 32
1 35
0 0
1 79
1 47
0 0
-1 33
-1 7
0 0
0 0
0 0
1 22
1 5
1 10
1 10
1 13
1 3
0 0
-1 16
1 1
1 16
1 8
0 0
0 0
1 8
0 0
1 2
0 0
0 0
1 153
0 0
0 0
0 0
1 3
-1 32
0 0
0 0
-1 14
1 13
-1 18
1 5
1 20
1 5
1 9
-1 48
1 7
1 21
1 35
-1 31
0 0
-1 66
1 2
-1 7
1 8
-1 6
0 0
-1 1
0 0
0 0
0 0
1 2
1 6
1 13
1 7
1 10
1 6
-1 3
0 0
0 0
1 29
-1 34
1 12
1 35
1 17
1 9
-1 3
1 10
0 0
1 4
-1 9
0 0
-1 9
0 0
1 24
-1 12
0 0
1 46
-1 10
1 7
-1 19
-1 13
0 0
1 3
1 5
0 0
1 7
1 3
0 0
0 0
0 0
-1 2
1 19
-1 88
0 0
0 0
0 0
1 1
-1 8
0 0
0 0
1 41
1 2
0 0
1 18
1 24
1 16
0 0
0 0
-1 9
0 0
1 46
1 53
-1 80
0 0
1 19
1 23
1 17
1 4
-1 2
1 7
1 141
1 6
1 5
-1 18
1 105
0 0
1 39
1 42
-1 24
-1 15
1 16
0 0
-1 22
0 0
0 0
0 0
1 4
0 0
0 0
0 0
0 0
1 45
1 5
1 11
0 0
0 0
1 116
1 30
0 0
-1 17
-1 10
1 8
0 0
-1 22
-1 25
1 12
-1 19
1 5
-1 1
-1 55
1 70
0 0
1 3
1 13
1 26
0 0
-1 9
0 0
0 0
0 0
-1 20
-1 12
-1 -11
-1 56
-1 13
-1 22
1 19
-1 16
1 3
1 16
0 0
1 68
-1 3
1 4
0 0
0 0
1 11
0 0
0 0
1 2
1 7
1 59
1 5
1 22
0 0
-1 29
0 0
0 0
1 10
1 36
1 3
0 0
1 5
1 74
0 0
-1 43
0 0
1 22
0 0
-1 -2
1 101
-1 4
-1 7
1 1
1 14
1 10
0 0
1 24
1 10
0 0
1 6
-1 11
-1 26
-1 8
0 0
0 0
1 14
1 4
-1 3
1 3
0 0
1 7
1 5
1 4
-1 28
0 0
1 11
1 4
1 12
-1 27
0 0
1 8
-1 6
1 5
1 6
0 0
0 0
1 36
-1 -6
1 6
1 6
-1 18
1 15
0 0
1 64
1 24
0 0
1 17
1 2
0 0
1 2
-1 6
0 0
1 2
1 53
1 15
0 0
1 2
-1 3
1 1
1 40
1 70
0 0
0 0
1 72
0 0
1 2
0 0
1 11
0 0
-1 5
-1 54
-1 15
1 8
-1 7
0 0
-1 52
1 2
-1 -5
-1 8
1 15
1 25
0 0
0 0
1 43
1 10
0 0
1 5
1 3
1 15
1 170
1 73
1 25
-1 39
0 0
0 0
1 16
1 6
1 15
1 6
-1 10
0 0
1 35
0 0
-1 29
1 25
1 33
0 0
1 10
1 196
1 33
0 0
0 0
-1 43
1 40
1 28
-1 23
1 3
0 0
1 1
1 3
0 32
0 0
-1 40
-1 21
-1 1
-1 57
-1 7
-1 12
0 0
-1 1
1 4
1 25
0 0
1 24
-1 19
1 1
-1 12
1 2
-1 54
-1 106
-1 84
-1 6
1 17
-1 19
1 90
-1 2
1 9
1 17
0 0
1 3
-1 9
1 73
-1 11
-1 15
-1 3
1 7
1 22
1 2
0 0
1 7
1 4
1 39
-1 10
1 18
-1 9
0 0
1 13
0 0
-1 -2
0 0
0 0
-1 17
-1 29
0 0
0 0
1 25
0 0
0 0
1 3
1 4
0 0
1 4
1 20
-1 25
0 0
0 0
1 13
-1 9
-1 22
1 1
0 0
0 0
-1 -1
1 3
0 0
1 44
1 30
0 0
-1 63
-1 4
-1 15
0 0
0 0
-1 3
0 0
0 0
1 8
-1 7
1 15
0 0
-1 2
0 0
-1 29
1 32
1 56
-1 14
1 38
1 15
1 10
1 49
0 0
1 10
1 61
1 8
1 23
0 0
1 14
0 0
1 1
1 47
0 0
0 0
1 5
-1 2
1 9
0 0
0 0
-1 22
-1 45
-1 18
1 6
-1 9
0 0
1 5
-1 46
1 8
1 51
-1 18
1 19
0 0
0 0
-1 29
0 0
1 42
1 12
-1 4
1 7
-1 18
0 0
1 5
0 0
-1 31
1 23
0 0
1 30
1 9
0 0
0 0
-1 8
1 15
0 0
1 24
1 17
1 32
1 13
1 7
0 0
1 8
-1 16
-1 18
1 17
0 0
0 0
1 35
1 6
1 2
0 0
0 0
1 3
-1 6
1 10
0 0
-1 406
0 0
1 55
1 11
1 7
1 17
0 0
1 5
0 0
1 15
1 131
-1 15
1 5
-1 20
0 0
0 0
1 5
-1 6
1 22
1 4
0 0
1 26
1 14
1 29
1 15
1 11
0 0
0 0
0 0
0 0
1 8
1 52
-1 4
1 11
0 0
-1 8
0 0
0 0
0 0
1 1
0 0
-1 26
1 3
0 0
1 56
-1 -4
1 4
0 0
-1 74
1 21
0 0
0 0
0 0
0 0
0 0
1 23
1 2
-1 -5
1 18
-1 2
0 0
1 7
0 0
0 0
1 9
1 17
1 4
0 0
0 0
1 17
-1 19
0 0
0 0
0 0
1 24
-1 40
-1 20
-1 16
0 0
1 9
-1 25
0 0
-1 14
1 1
0 0
1 5
1 15
-1 4
-1 63
1 2
1 13
0 0
1 4
1 17
0 0
0 0
-1 8
1 37
-1 43
0 0
1 6
0 0
-1 16
0 0
1 90
1 2
-1 8
1 29
0 0
0 0
0 0
0 0
1 25
0 0
-1 15
1 3
0 0
-1 -2
-1 11
1 269
1 24
1 33
1 2
1 5
1 23
-1 5
0 0
1 1
1 20
0 0
-1 55
1 99
1 8
1 26
-1 91
0 0
0 0
0 0
0 0
-1 49
0 0
1 25
-1 17
0 0
0 0
1 12
1 38
-1 49
0 0
-1 -46
-1 3
1 17
-1 214
-1 1
1 5
1 6
-1 7
1 86
0 0
1 4
0 0
1 1
1 16
1 16
0 0
-1 12
0 0
0 0
-1 17
1 6
0 0
0 0
1 5
-1 13
1 10
0 0
-1 62
0 0
-1 40
-1 41
0 0
0 0
1 28
-1 17
-1 11
1 4
0 0
-1 -6
-1 51
-1 4
0 0
0 0
0 0
0 0
-1 43
-1 19
1 3
-1 -1
1 30
1 42
-1 16
0 0
0 0
1 7
0 0
-1 58
1 26
0 0
0 0
-1 59
1 20
1 59
-1 7
1 40
1 6
1 7
1 2
1 1
-1 8
-1 -4
-1 14
1 106
1 46
0 0
0 0
0 0
1 4
1 22
0 0
1 72
-1 33
0 0
1 26
1 113
-1 25
0 0
1 25
-1 5
-1 7
0 0
1 50
1 10
-1 42
0 0
1 25
-1 8
-1 18
0 0
1 56
0 0
0 0
1 31
1 3
0 0
-1 -4
-1 18
-1 60
1 10
-1 12
0 0
1 6
-1 21
1 8
1 58
-1 14
-1 8
1 9
-1 5
1 15
-1 14
1 7
1 8
0 0
0 0
-1 1
-1 12
0 0
1 29
1 129
1 45
1 20
1 10
0 0
1 10
1 115
-1 35
1 2
1 55
1 111
1 66
1 3
1 9
1 1
1 40
0 0
1 8
1 7
-1 6
1 14
-1 1
0 0
0 0
1 63
-1 31
-1 4
1 10
-1 21
0 0
1 13
-1 7
0 0
0 0
0 0
-1 10
1 1
0 0
0 0
1 3
-1 9
1 1
1 30
1 9
0 0
0 0
0 0
1 124
-1 7
1 39
0 0
0 0
0 0
0 0
-1 13
-1 19
1 21
-1 13
-1 19
1 8
0 0
1 19
1 15
-1 15
1 13
1 65
-1 14
1 9
-1 21
0 0
1 11
1 34
1 64
1 15
1 3
0 0
1 8
1 10
1 20
1 13
-1 7
-1 4
0 0
-1 15
0 0
0 0
0 0
0 0
1 91
1 17
1 82
0 0
1 46
-1 10
0 0
0 0
1 20
0 0
1 4
0 0
1 24
-1 10
1 44
-1 5
0 0
0 0
1 22
0 0
0 0
0 0
1 12
0 0
0 0
-1 8
1 28
1 36
0 0
1 4
1 2
1 12
0 0
1 44
1 6
0 0
0 0
0 0
0 0
0 0
1 11
0 0
0 0
0 0
-1 17
-1 15
0 0
-1 8
1 133
1 4
0 0
0 0
1 23
-1 30
0 0
-1 7
-1 32
1 14
1 13
1 1
1 2
0 0
0 0
-1 9
1 8
1 5
1 7
1 90
1 2
1 21
-1 16
0 0
1 3
0 0
-1 11
1 60
1 29
-1 26
1 14
1 42
1 4
0 0
1 1
1 32
-1 10
1 73
1 3
0 0
1 61
1 5
1 42
1 58
1 3
-1 2
1 1
0 0
1 108
1 45
0 0
-1 32
1 14
1 4
0 0
-1 -1
-1 48
0 0
0 0
1 8
1 47
1 26
1 125
1 3
-1 2
1 94
1 48
1 9
0 0
1 26
0 0
-1 23
-1 14
0 0
1 26
0 0
-1 -4
1 36
-1 1
-1 8
1 27
-1 11
1 4
-1 15
1 3
0 0
-1 32
0 0
0 0
0 0
0 0
0 0
-1 8
1 13
0 0
1 12
0 0
-1 20
1 2
1 15
1 8
1 5
-1 1
-1 15
1 87
-1 5
0 0
1 5
-1 103
1 21
1 5
0 0
-1 2
1 22
1 0
1 10
1 41
-1 24
0 0
0 0
1 66
0 0
1 15
1 9
0 0
0 0
0 0
-1 25
0 0
0 0
1 4
0 0
1 19
0 0
1 5
1 95
1 27
1 27
-1 1
-1 260
1 129
1 31
1 157
-1 27
1 52
1 31
0 0
0 0
1 32
1 15
1 51
0 0
-1 4
-1 10
-1 6
0 0
1 9
-1 15
1 8
0 0
1 44
1 2
-1 17
0 0
1 42
1 251
1 79
1 46
1 4
1 16
1 97
-1 7
-1 93
-1 59
1 7
0 0
1 2
1 39
1 19
-1 7
1 20
1 12
1 5
1 18
1 21
1 143
-1 4
1 15
1 39
-1 40
-1 74
-1 9
1 7
1 8
-1 -13
1 18
-1 3
0 0
-1 7
1 15
1 12
-1 33
-1 5
1 7
-1 4
1 51
1 25
-1 21
1 49
1 12
-1 21
-1 62
1 17
1 15
-1 7
0 0
-1 17
0 0
1 4
0 0
1 50
-1 2
1 13
-1 6
-1 10
1 106
0 0
1 121
1 7
1 6
-1 3
-1 1
-1 9
1 7
1 46
-1 9
0 0
-1 16
1 32
-1 13
0 0
1 3
1 6
0 0
0 0
1 7
1 5
1 10
1 3
1 12
1 10
1 9
0 0
-1 6
-1 27
1 29
0 10
0 0
1 103
0 0
1 29
-1 27
-1 21
0 0
-1 46
0 0
-1 17
1 44
1 1
1 6
-1 19
1 8
1 1
0 0
1 60
-1 110
1 15
1 14
1 27
1 7
-1 17
-1 11
-1 113
0 0
1 12
1 14
1 6
0 0
0 0
-1 61
1 24
0 0
0 0
1 2
1 7
-1 3
1 36
0 0
1 42
1 67
-1 48
1 8
1 48
1 85
1 1
1 18
1 30
-1 22
1 46
-1 15
0 0
-1 5
-1 34
-1 32
0 0
-1 8
-1 33
1 28
-1 -6
1 106
-1 -2
1 9
1 117
1 10
-1 8
1 104
0 0
1 14
-1 150
0 0
1 16
1 22
-1 11
1 22
1 3
1 34
1 39
1 19
0 0
-1 2
0 0
1 20
1 1
1 10
-1 15
-1 74
1 67
-1 4
-1 2
-1 11
-1 33
1 40
1 55
1 14
-1 -1
0 0
-1 31
1 90
1 53
1 184
1 57
1 13
0 0
0 0
-1 -2
0 0
0 0
1 7
1 16
1 26
1 222
1 20
1 15
1 24
1 6
0 0
1 13
1 39
1 13
1 10
1 4
1 14
1 6
1 44
-1 8
-1 104
1 2
0 0
0 0
-1 23
0 0
1 2
0 0
0 0
-1 4
-1 64
0 0
1 1
1 4
0 0
1 28
0 0
0 0
1 1
1 25
-1 53
1 18
0 0
0 0
1 27
0 0
1 16
0 0
0 0
-1 20
-1 7
-1 37
0 0
0 0
-1 13
1 5
1 1
0 0
0 0
1 21
-1 0
1 111
1 3
1 9
1 23
1 17
0 0
1 14
1 194
1 67
1 17
0 0
-1 -8
1 2
0 0
0 0
1 8
0 0
1 342
0 0
1 14
1 35
0 0
1 8
1 12
-1 10
1 26
-1 7
1 15
1 5
1 28
0 0
0 0
1 297
-1 22
0 0
0 0
0 0
0 0
1 4
0 0
0 0
1 7
-1 262
0 0
-1 111
1 24
1 69
1 27
0 0
1 27
1 22
0 0
1 2
1 2
0 0
1 9
1 43
1 11
-1 17
1 57
1 13
0 0
1 106
1 30
0 0
-1 31
0 0
1 9
-1 9
1 2
-1 7
0 0
0 0
1 22
0 0
1 16
1 4
1 3
1 17
0 0
1 12
0 0
1 29
0 0
-1 18
1 100
-1 31
0 0
1 38
1 12
1 7
1 18
-1 16
1 119
1 17
1 4
1 27
0 0
1 6
1 44
-1 15
-1 4
1 1
1 7
1 23
1 3
1 14
1 23
1 16
1 7
1 95
0 0
1 81
-1 33
-1 98
-1 10
1 50
1 40
0 0
1 3
0 0
0 0
1 20
0 0
-1 43
1 53
0 0
1 10
1 5
1 7
-1 32
0 0
1 17
1 11
-1 6
1 23
0 0
1 3
0 0
0 0
0 0
0 0
0 0
0 0
0 0
1 1
1 9
1 7
0 0
-1 -2
-1 -2
1 6
1 13
0 0
-1 11
1 58
-1 40
1 50
1 18
-1 21
-1 9
1 20
0 0
-1 35
-1 12
0 0
-1 20
1 2
0 0
0 0
1 10
-1 7
0 0
1 12
1 26
1 5
0 0
0 0
1 12
1 20
1 89
-1 -1
0 0
-1 9
1 12
-1 11
0 0
1 15
1 27
-1 34
0 0
0 0
0 0
0 0
1 10
1 16
0 0
1 2
1 4
1 8
0 0
1 51
1 56
-1 35
-1 92
1 3
1 23
1 2
1 37
1 35
0 0
-1 -5
0 0
1 19
0 0
1 13
0 0
1 16
1 2
-1 14
1 10
-1 4
1 8
-1 15
1 14
0 0
0 0
1 91
1 9
1 2
-1 12
-1 25
1 60
0 0
1 15
1 6
1 9
-1 7
1 5
-1 7
1 16
0 0
0 0
1 34
1 2
1 14
-1 11
-1 16
0 0
0 0
0 0
1 10
0 0
1 24
1 17
1 6
1 2
0 0
0 0
-1 40
-1 5
1 9
1 46
1 50
1 26
0 0
0 0
0 0
1 7
1 8
0 0
0 0
1 10
0 0
1 28
1 26
1 43
-1 17
0 0
0 0
-1 -4
1 91
1 50
0 0
0 0
-1 25
-1 3
1 37
-1 14
1 2
-1 24
1 15
1 4
-1 10
-1 8
1 34
-1 12
0 0
1 8
0 0
-1 7
0 0
0 0
-1 2
1 36
0 0
-1 26
1 128
1 53
0 0
1 2
0 0
1 28
1 36
-1 8
0 0
-1 7
-1 61
1 3
0 0
0 0
0 0
1 1
0 0
1 1
-1 11
0 0
0 0
-1 9
1 1
0 0
0 0
1 21
1 2
0 0
0 0
0 0
-1 55
-1 6
0 0
1 59
1 8
1 7
1 8
0 0
-1 37
1 120
1 9
-1 234
0 0
-1 2
0 0
-1 2
0 0
0 0
-1 53
0 0
1 15
-1 10
-1 15
0 0
0 0
-1 19
1 1
0 0
0 0
1 8
0 0
-1 86
1 36
-1 -6
0 0
-1 10
1 6
1 95
1 5
1 10
-1 18
1 32
1 1
1 13
0 0
1 25
0 0
-1 9
1 33
-1 1
1 7
-1 20
0 0
1 2
1 6
0 0
-1 12
0 0
0 0
1 19
0 0
-1 14
0 0
-1 4
1 9
1 10
1 7
0 0
0 0
1 87
1 71
0 0
-1 16
0 0
0 0
-1 8
-1 6
0 0
1 15
1 13
0 0
1 121
1 5
1 7
-1 14
1 21
1 3
1 1
1 13
1 37
1 25
0 0
1 6
1 21
-1 7
0 0
1 109
-1 5
0 0
0 0
1 11
1 7
1 37
1 4
1 10
-1 5
1 204
-1 24
-1 51
1 6
0 0
1 44
0 0
-1 32
0 0
1 2
1 33
-1 11
0 0
1 6
0 0
0 0
1 44
0 0
-1 5
-1 8
1 13
0 0
1 14
1 111
1 13
1 19
-1 3
-1 3
-1 123
-1 37
-1 -4
1 6
1 12
1 19
1 1
0 0
0 0
1 6
-1 4
1 57
1 13
-1 7
1 1
0 0
1 58
-1 35
0 0
-1 13
1 76
0 24
0 0
1 28
1 20
0 0
0 0
0 36
-1 54
1 24
1 7
1 8
0 0
0 0
1 66
0 134
1 8
0 0
0 0
0 0
1 2
-1 41
0 0
1 32
1 19
0 0
0 0
1 20
0 0
0 0
0 0
1 12
1 69
0 0
1 198
1 42
1 44
1 11
1 1
1 2
-1 13
1 14
-1 23
-1 51
0 0
0 0
-1 15
1 6
1 5
0 0
-1 18
0 0
1 11
1 13
0 0
1 27
1 14
1 15
-1 31
1 24
1 17
-1 5
-1 8
1 20
1 48
1 50
1 1
-1 116
1 2
0 0
1 96
0 12
1 39
1 32
-1 11
1 86
1 18
0 0
0 0
-1 7
1 1
0 0
0 0
1 11
1 6
0 0
1 6
0 0
-1 7
0 0
0 0
1 8
1 98
1 26
1 2
1 97
-1 14
1 37
1 1
0 0
1 10
1 14
0 0
0 0
1 1
0 0
1 3
1 35
-1 2
0 0
-1 99
-1 29
1 62
1 1
1 20
1 5
1 4
0 0
0 0
1 11
-1 17
1 15
-1 12
1 9
1 7
1 13
1 10
1 4
-1 30
-1 16
0 0
1 16
1 9
0 0
1 60
-1 15
1 5
-1 69
1 5
1 27
1 280
1 13
1 27
0 0
1 33
-1 15
1 11
-1 24
1 3
0 0
0 0
0 0
1 21
0 0
0 0
0 0
1 27
-1 1
-1 26
1 8
1 44
0 0
0 0
1 43
-1 8
1 45
-1 1
0 0
1 13
1 84
-1 5
-1 3
0 0
-1 13
0 0
0 0
1 10
0 0
1 51
1 55
0 0
-1 23
-1 17
-1 5
-1 1
-1 13
0 0
-1 57
1 4
1 2
0 0
-1 3
1 7
-1 17
1 10
1 2
0 0
0 0
-1 24
0 0
0 0
1 7
1 39
-1 -11
-1 6
0 0
1 15
-1 6
0 0
0 0
1 2
1 41
1 2
1 44
1 10
1 75
1 13
1 15
-1 -9
0 0
0 0
1 3
1 8
0 0
1 6
0 0
1 61
1 4
1 2
-1 5
1 8
-1 11
-1 5
1 31
1 12
1 93
1 76
1 75
0 0
0 0
1 4
0 0
-1 19
1 30
1 6
1 128
-1 -1
1 13
1 95
1 2
1 3
1 96
1 5
-1 39
1 11
1 9
1 187
1 6
1 65
0 0
1 37
0 0
1 2
1 103
1 7
-1 12
1 8
0 0
-1 12
0 0
0 0
1 5
1 12
-1 4
0 0
-1 5
0 0
1 56
1 48
-1 13
1 32
-1 16
1 4
1 6
-1 61
0 0
0 0
1 9
0 0
0 0
1 19
-1 7
0 0
1 1
1 83
0 0
1 13
-1 180
1 9
-1 15
1 6
1 6
1 7
1 1
1 24
1 3
1 3
-1 13
0 0
1 8
1 2
1 2
1 15
1 11
-1 41
0 0
1 53
0 0
-1 15
-1 11
-1 23
0 0
0 0
0 0
1 19
1 8
1 1
0 0
0 0
0 0
0 0
0 0
0 0
0 0
1 52
-1 44
0 0
1 10
1 25
0 0
1 7
1 12
0 0
-1 2
0 0
-1 7
1 2
0 0
-1 2
0 0
1 6
0 0
1 32
-1 11
0 0
1 7
1 37
1 51
0 0
0 0
0 0
0 0
-1 9
1 27
1 18
-1 -3
1 28
1 3
1 23
1 6
1 228
-1 37
1 11
1 10
0 0
-1 11
1 45
0 0
1 15
0 0
1 15
0 0
0 0
0 0
0 0
0 0
-1 36
1 6
1 11
0 0
0 0
1 143
0 0
0 0
0 0
1 1
0 0
0 0
1 19
1 103
0 0
0 0
1 5
0 0
1 76
-1 13
1 7
-1 55
1 19
1 50
1 16
0 0
0 0
0 0
1 124
1 57
0 0
1 15
1 1
0 0
1 107
0 0
1 15
0 0
1 4
1 13
1 21
-1 13
1 14
1 4
1 13
0 0
0 0
-1 3
1 2
0 0
1 6
-1 59
1 4
0 0
1 7
1 2
-1 6
0 0
-1 7
1 13
1 6
-1 6
1 35
1 181
0 0
1 21
0 0
1 71
1 93
0 0
0 0
1 11
1 31
0 0
1 1
1 15
-1 13
1 5
0 0
0 0
-1 13
-1 247
1 17
1 10
-1 15
1 6
1 66
0 0
0 0
1 14
0 0
1 4
-1 10
1 18
0 0
1 30
-1 16
1 3
0 0
-1 10
-1 28
-1 39
1 15
-1 12
1 2
0 0
1 8
0 0
0 0
1 3
1 40
-1 51
-1 24
-1 2
-1 1
1 53
-1 4
1 46
1 15
1 5
1 17
1 9
1 33
0 0
1 4
0 0
1 6
-1 10
0 0
0 0
0 0
1 4
-1 55
-1 1
1 76
1 1
1 4
0 0
0 0
1 49
1 15
1 7
-1 32
1 6
-1 23
1 22
-1 18
-1 -4
1 19
1 167
-1 54
-1 37
1 8
-1 7
1 26
-1 46
1 4
0 0
0 0
1 32
1 99
1 89
1 23
1 18
0 0
0 0
1 7
-1 22
-1 37
1 34
-1 -11
-1 35
-1 24
1 1
1 10
0 0
0 0
0 0
-1 32
1 20
-1 13
-1 38
0 0
-1 2
0 0
0 0
1 28
1 1
-1 23
1 25
-1 2
1 63
0 0
0 0
0 0
0 0
1 11
-1 -1
1 12
-1 12
0 0
-1 43
1 5
1 38
-1 2
-1 33
0 0
0 0
0 0
0 0
-1 -26
0 0
0 0
0 0
-1 12
1 5
1 39
1 4
1 75
0 0
0 0
-1 37
1 45
-1 -2
0 0
0 0
0 0
0 0
0 0
-1 35
-1 2
1 2
1 10
-1 44
1 16
0 0
1 5
-1 19
1 4
1 4
1 5
-1 28
1 2
0 0
1 23
1 25
-1 9
1 38
-1 5
1 10
1 70
1 6
1 4
0 0
1 11
0 0
1 6
-1 29
1 95
1 140
0 0
1 8
-1 74
1 5
0 0
0 0
0 0
1 13
1 7
1 11
1 87
-1 8
1 5
-1 -5
0 0
0 0
-1 31
-1 103
1 8
1 81
-1 33
0 0
1 3
-1 58
1 22
-1 8
1 22
0 0
1 10
-1 5
1 3
1 1
0 0
0 0
1 9
-1 8
1 25
0 0
1 83
0 0
0 0
-1 12
0 0
0 0
1 4
0 0
0 0
0 0
0 0
1 149
-1 16
0 0
0 0
1 11
0 0
-1 13
1 26
0 0
1 12
-1 -8
0 0
1 20
1 4
1 10
0 0
-1 14
1 3
1 28
0 0
0 0
0 0
0 0
0 0
0 0
1 13
1 47
-1 42
1 28
1 73
1 6
0 0
-1 92
-1 18
1 45
0 0
1 16
1 14
-1 17
0 0
0 0
0 0
0 0
1 8
-1 19
-1 4
-1 89
0 0
1 8
1 6
1 33
1 3
1 19
1 5
0 0
-1 2
0 0
0 0
1 25
1 5
1 40
-1 40
0 0
0 0
1 5
1 8
-1 7
0 0
1 27
1 15
0 0
0 0
1 52
0 0
0 0
0 0
0 0
1 2
1 46
-1 -3
0 0
0 0
0 0
0 0
-1 12
-1 32
0 0
-1 17
0 0
0 0
-1 166
0 0
0 0
1 9
-1 5
1 29
1 27
1 2
-1 32
-1 -1
1 8
0 0
-1 6
1 19
1 51
0 0
0 0
1 14
1 16
0 0
0 0
1 15
0 0
1 8
1 1
-1 48
1 11
1 4
0 0
-1 21
0 0
1 12
1 2
1 4
1 1
0 0
1 68
1 2
1 2
0 0
0 0
1 3
-1 7
1 9
1 8
0 0
-1 21
0 0
0 0
-1 14
1 14
0 0
1 6
-1 1
1 5
-1 1
0 0
1 13
1 18
0 0
0 0
-1 11
-1 3
-1 1
0 0
0 0
0 0
0 0
0 0
0 0
1 12
0 0
1 16
0 0
-1 6
1 17
1 4
-1 4
1 19
0 0
0 0
0 0
1 48
-1 5
-1 95
0 0
-1 5
-1 16
0 0
0 0
-1 5
0 0
1 11
1 4
-1 13
0 0
-1 17
-1 11
-1 7
0 0
1 71
0 0
1 21
1 25
0 0
1 18
1 2
-1 8
-1 36
1 2
1 6
0 0
0 0
1 6
1 1
1 55
1 44
-1 23
1 14
0 0
1 6
-1 -10
-1 3
1 10
-1 -1
-1 13
-1 6
1 7
1 12
0 0
1 6
0 0
1 27
-1 63
0 0
0 0
-1 5
1 27
1 9
0 0
0 0
1 5
-1 1
1 6
0 0
-1 6
1 3
0 0
1 8
0 0
-1 4
0 0
-1 10
1 58
1 4
1 13
1 1
-1 3
1 74
-1 4
1 1
-1 -2
-1 9
0 0
0 0
0 0
1 218
0 0
-1 10
0 0
0 0
1 22
1 4
1 2
0 0
1 2
1 2
0 0
1 7
1 14
1 9
0 0
-1 4
0 0
0 0
-1 8
1 9
0 0
1 40
1 13
-1 10
1 19
1 9
0 0
1 3
0 0
-1 1
-1 5
1 1
1 10
1 3
-1 12
-1 41
0 0
1 4
0 0
1 12
1 9
1 51
0 0
-1 20
1 1
1 6
-1 25
0 0
0 0
-1 -2
-1 16
0 0
0 0
1 4
1 4
0 0
1 7
-1 25
1 3
0 0
0 0
1 15
0 0
-1 3
0 0
-1 23
1 40
0 0
-1 11
1 9
0 0
0 0
1 5
0 0
1 8
-1 1
1 4
-1 25
0 0
0 0
0 0
0 0
-1 8
0 0
1 140
0 0
0 0
1 3
0 0
-1 16
1 5
1 19
1 130
-1 36
0 0
0 0
0 0
-1 30
0 0
-1 10
1 53
-1 36
0 0
0 0
1 16
1 23
0 0
1 21
0 0
0 0
0 0
1 5
0 0
0 0
-1 135
-1 11
0 0
0 0
0 0
0 0
1 3
-1 22
0 0
0 0
0 0
1 1
1 11
0 0
1 8
-1 29
-1 25
1 58
-1 7
0 0
0 0
1 53
-1 11
1 5
0 0
-1 12
-1 67
1 11
1 20
0 0
-1 10
1 6
0 0
-1 7
1 10
0 0
-1 16
0 0
1 2
-1 -20
-1 5
1 9
-1 20
-1 11
1 10
1 2
-1 26
1 2
0 0
1 47
0 0
1 4
1 32
1 5
-1 43
0 0
-1 24
0 0
0 0
1 26
1 5
0 0
-1 10
-1 12
1 34
1 12
0 0
1 26
0 0
1 27
-1 19
1 221
1 29
0 0
1 27
1 2
0 0
0 0
0 0
1 1
1 3
0 0
1 3
1 2
0 0
1 18
0 0
1 39
1 6
1 1
0 0
0 0
0 0
0 0
1 13
1 4
1 2
1 4
1 9
1 10
1 20
0 0
1 15
0 0
1 12
1 16
-1 18
1 21
0 0
1 3
-1 48
-1 81
1 15
0 0
1 18
1 14
-1 2
-1 83
0 0
1 12
1 4
1 3
-1 0
1 12
0 0
0 0
0 0
1 18
0 0
0 0
0 0
-1 30
1 6
1 57
0 0
1 10
0 0
0 0
1 6
1 15
-1 7
0 0
1 21
1 32
0 0
0 0
-1 34
0 0
0 0
0 0
1 2
0 0
0 0
0 0
0 0
0 0
0 0
0 0
1 9
1 14
1 27
1 32
0 0
-1 15
0 0
0 0
1 14
0 0
0 0
1 2
1 6
0 0
1 1
0 0
0 0
1 22
0 0
0 0
1 20
1 10
-1 8
1 12
0 0
-1 20
1 17
0 0
1 7
0 0
0 0
0 0
0 0
1 5
0 0
1 43
0 0
-1 14
1 1
1 36
1 124
0 0
1 5
1 1
1 18
0 0
-1 17
0 0
0 0
1 44
1 5
1 25
1 8
-1 36
0 0
1 39
0 0
1 125
1 31
1 72
1 33
0 0
0 0
1 141
-1 10
1 116
1 5
0 0
1 9
1 43
-1 1
0 0
1 6
-1 1
1 21
-1 -3
-1 4
0 0
1 5
1 21
0 0
1 4
-1 -4
0 0
-1 5
0 0
1 18
1 104
1 16
-1 5
0 0
0 0
0 0
0 0
1 5
-1 19
1 7
1 2
-1 2
0 0
1 4
0 0
-1 14
0 0
0 0
1 7
1 7
1 137
1 53
-1 8
1 16
0 0
0 0
-1 21
1 3
1 2
1 13
-1 14
-1 11
1 15
-1 15
0 0
0 0
-1 18
-1 52
-1 7
-1 4
1 215
1 9
-1 -2
-1 33
1 15
1 2
1 7
0 0
0 0
1 7
1 1
0 0
1 19
0 0
1 11
1 50
1 23
-1 19
1 11
0 0
0 0
1 27
1 5
1 7
1 81
1 12
-1 13
0 0
1 1
-1 20
0 0
-1 -5
1 14
-1 32
1 11
0 0
-1 3
-1 17
1 17
0 0
-1 6
1 2
-1 30
0 0
-1 42
1 10
1 2
0 0
1 31
1 6
1 10
-1 15
-1 1
1 21
0 0
0 0
-1 6
0 0
-1 -1
0 0
1 18
1 7
-1 8
1 1
0 0
-1 22
1 42
1 37
0 0
1 14
-1 39
1 4
1 3
1 2
1 19
0 0
1 9
1 37
1 19
1 38
0 0
-1 12
-1 6
-1 1
1 7
0 0
1 65
-1 8
1 117
-1 16
1 6
1 17
0 0
1 3
1 20
-1 25
0 0
1 29
-1 1
0 0
0 0
1 1
-1 1
0 0
1 273
0 0
0 0
-1 20
1 19
1 12
1 192
1 258
1 78
-1 43
-1 13
0 0
0 0
1 38
-1 13
1 19
-1 85
1 26
-1 3
-1 72
0 0
-1 10
0 0
1 13
1 93
-1 7
-1 36
0 0
1 141
-1 57
-1 58
0 0
-1 160
1 2
1 37
-1 49
0 0
0 0
1 34
-1 4
0 0
1 28
0 0
1 43
1 6
-1 21
-1 3
1 16
0 0
0 0
-1 49
-1 1
-1 112
-1 6
1 2
-1 28
0 0
0 0
1 69
0 0
1 3
0 0
1 6
1 10
0 0
1 2
0 0
0 0
-1 17
1 3
1 8
0 0
1 14
1 6
1 46
1 91
0 0
1 11
-1 12
0 0
1 2
1 19
-1 5
1 22
-1 2
-1 2
-1 -1
0 0
0 0
0 0
-1 4
1 8
0 0
-1 52
1 58
-1 -9
-1 15
1 46
-1 11
1 52
-1 2
1 19
1 2
1 4
0 0
1 18
1 2
1 2
0 0
0 0
-1 43
-1 43
-1 96
-1 13
0 0
0 0
0 0
1 18
1 20
0 0
-1 8
-1 6
1 10
1 29
-1 23
0 0
0 0
0 0
-1 10
0 0
1 8
0 0
-1 2
0 0
1 8
1 8
1 41
1 23
0 0
0 0
0 0
0 0
0 0
1 1
-1 17
0 0
1 5
0 0
0 0
0 0
0 0
0 0
0 0
0 0
1 4
0 0
0 0
0 0
-1 2
-1 2
-1 51
1 12
-1 9
1 2
0 0
-1 14
-1 4
1 29
1 5
-1 58
0 0
0 0
-1 41
-1 4
1 4
1 76
1 7
-1 32
-1 3
0 0
0 0
-1 28
1 12
0 28
0 0
-1 17
1 5
0 0
1 22
-1 5
1 37
-1 68
-1 23
1 13
1 18
1 66
0 0
-1 36
1 33
1 17
1 64
0 0
-1 124
-1 58
1 33
-1 49
0 0
0 0
1 13
1 44
-1 6
1 1
-1 19
1 30
0 0
1 21
1 154
-1 9
-1 7
-1 26
-1 72
1 2
0 0
1 55
1 18
0 0
1 14
0 0
-1 26
-1 21
1 22
1 18
-1 36
-1 33
1 2
0 0
-1 7
0 0
-1 5
1 8
1 5
1 53
0 0
0 0
0 0
0 0
0 0
1 23
1 11
0 0
1 8
0 0
0 0
0 0
-1 76
1 6
-1 26
0 0
1 16
0 0
0 0
-1 17
0 0
1 33
1 6
0 0
-1 3
0 0
0 0
0 0
0 0
-1 6
1 19
0 0
1 13
1 5
1 2
-1 39
0 0
1 17
1 5
1 3
1 16
0 0
1 11
0 0
-1 7
1 24
1 14
0 0
-1 190
1 21
-1 17
0 0
0 0
1 36
-1 9
1 18
-1 3
0 0
0 0
-1 2
1 5
-1 14
1 66
-1 10
1 2
0 0
1 42
-1 5
0 0
1 12
-1 -5
1 68
1 24
-1 24
1 5
0 0
-1 2
1 7
1 3
-1 47
-1 3
-1 12
0 0
1 17
-1 56
1 4
-1 5
-1 2
-1 3
1 1
0 0
1 17
-1 16
1 8
1 17
0 0
-1 15
0 0
1 17
1 140
-1 2
-1 5
0 0
0 0
-1 6
0 0
-1 32
-1 28
-1 51
0 0
1 4
1 2
-1 7
0 0
0 0
-1 26
0 0
0 0
1 15
-1 14
-1 6
-1 7
1 5
1 14
0 0
-1 13
1 7
1 16
0 0
1 3
1 29
-1 11
1 17
-1 1
-1 1
0 0
-1 13
-1 4
-1 17
-1 29
0 0
1 18
-1 16
0 0
0 0
0 0
0 0
1 154
1 6
-1 14
-1 9
1 50
1 55
-1 2
0 0
0 0
0 0
0 0
-1 30
-1 54
0 0
1 29
-1 19
-1 -3
-1 9
0 0
0 0
1 22
1 8
1 2
1 17
0 0
1 16
1 4
-1 -3
1 3
1 9
0 0
-1 10
0 0
-1 78
0 0
1 18
1 6
-1 -3
0 0
0 0
1 8
1 3
-1 2
0 0
1 35
0 0
1 18
1 21
1 4
0 0
1 7
1 2
-1 16
1 18
0 0
0 0
0 0
0 0
0 0
0 0
-1 15
1 54
-1 18
0 0
1 5
0 0
1 135
1 3
1 11
0 0
-1 18
-1 10
1 5
1 3
0 0
0 0
1 8
0 0
1 17
1 39
1 65
1 139
1 7
0 0
0 0
1 1
1 50
1 2
0 0
1 65
0 0
1 73
0 0
0 0
-1 22
1 3
0 0
0 0
0 0
0 18
1 21
0 0
-1 -8
0 0
1 5
1 49
1 24
-1 -2
1 72
0 0
0 0
0 0
1 27
0 0
-1 -1
-1 8
1 8
0 0
0 0
1 28
0 0
-1 20
1 40
1 9
1 13
1 7
1 13
0 0
0 0
0 0
0 0
1 4
1 11
-1 10
1 10
-1 70
1 78
0 18
1 77
1 33
1 41
1 2
0 0
-1 46
-1 53
0 0
1 14
1 37
0 0
1 14
1 7
1 27
-1 52
-1 14
1 4
1 34
0 0
0 0
0 0
0 0
0 0
0 0
0 0
1 14
1 23
0 0
0 0
-1 7
-1 5
0 0
-1 -6
1 1
-1 2
0 0
1 6
-1 7
0 0
-1 25
0 0
-1 2
0 0
0 0
1 50
1 2
0 0
1 1
1 63
0 0
1 2
1 121
-1 111
0 0
-1 98
-1 45
1 33
1 6
1 13
1 32
0 0
-1 33
-1 15
-1 22
1 6
-1 31
0 0
1 11
1 3
0 0
1 2
1 9
-1 -29
-1 -7
1 27
0 0
1 108
-1 2
0 0
0 0
1 9
0 0
1 39
1 59
0 0
0 0
-1 11
1 20
0 0
1 28
-1 7
0 0
1 5
-1 27
0 0
1 11
-1 9
1 11
1 22
1 6
1 21
0 0
-1 51
-1 8
1 42
1 45
1 11
-1 2
0 0
-1 20
1 128
0 0
-1 1
1 56
0 6
1 33
-1 4
1 40
1 11
0 0
-1 -2
1 17
-1 6
0 0
-1 21
1 2
1 30
1 17
1 15
0 0
0 0
1 3
0 0
1 3
0 0
-1 22
1 47
1 9
0 0
1 21
1 42
1 1
1 11
0 0
1 15
0 0
0 0
-1 37
-1 11
1 8
0 0
-1 4
-1 25
-1 4
-1 4
-1 9
0 0
-1 28
-1 1
0 0
1 142
0 0
1 27
0 0
-1 15
0 0
1 3
0 0
0 0
0 0
-1 12
0 0
-1 13
1 5
1 33
-1 17
1 57
1 60
1 2
1 44
1 10
-1 -5
1 30
0 0
0 0
0 0
-1 38
0 0
-1 2
1 19
-1 9
1 3
0 0
1 5
1 13
1 12
0 0
0 0
0 0
1 8
-1 7
0 0
1 27
1 8
0 0
0 0
1 32
-1 4
1 8
1 2
1 119
1 75
1 25
1 21
0 0
-1 -1
-1 8
-1 4
1 54
-1 6
0 0
0 0
0 0
0 0
0 0
1 6
-1 1
0 0
0 0
1 15
-1 2
0 0
0 0
0 0
0 0
0 0
1 7
1 5
1 21
-1 8
1 19
-1 13
1 12
0 0
-1 44
-1 2
1 25
1 26
0 0
1 7
-1 20
0 0
-1 21
0 0
1 6
1 3
0 0
-1 4
1 5
-1 5
1 10
-1 11
-1 7
1 27
0 0
1 13
-1 3
0 0
0 0
0 0
0 0
-1 4
1 3
1 3
1 14
1 92
1 5
1 57
-1 6
-1 8
0 0
0 0
-1 11
1 109
1 89
0 0
0 0
0 0
-1 44
0 0
-1 21
1 15
-1 -16
-1 1
1 74
1 2
1 17
1 4
1 6
0 0
0 0
0 0
1 5
1 3
-1 8
1 12
1 27
0 0
1 5
1 3
1 36
1 81
-1 11
0 0
0 0
0 0
-1 47
-1 31
0 0
1 6
0 0
1 25
-1 42
0 0
0 0
0 0
1 43
0 0
0 0
0 0
-1 19
1 27
0 0
-1 -2
1 3
1 4
0 0
1 6
1 6
0 0
1 5
0 0
1 10
0 0
0 0
0 0
1 15
1 24
1 30
-1 7
0 0
0 0
1 17
-1 80
-1 32
-1 5
1 1
-1 5
0 0
0 0
-1 9
-1 9
0 0
0 0
-1 42
1 15
1 4
0 0
-1 8
0 0
1 241
1 11
-1 8
1 7
-1 7
0 0
1 7
-1 40
0 0
-1 8
0 0
1 5
-1 3
1 4
1 10
-1 12
-1 -3
1 10
1 4
1 7
-1 16
1 6
-1 10
1 47
1 2
1 7
1 1
-1 22
0 0
1 70
1 22
0 0
0 0
-1 16
0 0
1 40
1 5
-1 20
-1 19
-1 48
0 0
1 53
1 77
0 0
0 0
1 1
1 4
-1 6
1 2
1 1
1 33
-1 17
0 0
1 1
1 15
1 8
0 0
1 2
0 0
1 4
0 0
1 3
-1 5
-1 21
0 0
0 0
0 0
0 0
1 12
-1 11
-1 48
-1 77
-1 2
1 47
-1 5
1 9
1 25
1 15
0 0
0 0
-1 9
-1 29
-1 9
1 22
-1 4
-1 2
0 0
1 92
0 0
1 31
0 0
1 1
1 5
1 90
1 75
-1 19
1 6
1 12
1 3
1 7
0 0
1 16
0 0
1 44
0 0
-1 2
1 38
-1 14
0 0
-1 11
0 0
-1 15
1 3
1 4
1 42
1 17
1 20
0 0
0 0
1 7
0 0
1 13
0 0
1 11
0 0
0 0
1 29
0 0
0 0
0 0
-1 22
1 73
1 13
1 6
1 53
0 0
1 19
0 0
1 41
-1 12
0 0
1 2
1 3
0 0
1 33
1 12
1 4
0 0
0 0
0 0
1 35
0 0
1 234
-1 35
1 18
1 8
1 6
1 2
1 2
0 0
0 0
0 0
1 2
1 3
-1 21
1 15
1 5
0 0
1 6
0 0
-1 1
0 0
0 0
-1 14
0 0
1 37
1 13
-1 30
-1 9
1 11
1 89
1 37
1 1
1 52
0 0
0 0
0 0
-1 2
0 0
1 8
1 43
1 63
0 0
1 12
1 12
1 6
0 0
1 6
1 7
-1 6
0 0
0 0
0 0
1 12
0 0
1 1
1 10
1 207
0 0
0 0
0 44
1 68
-1 29
1 52
1 104
1 5
0 0
-1 35
-1 10
1 33
1 45
1 50
0 0
-1 64
-1 42
1 27
0 0
0 0
1 63
1 63
1 15
0 0
1 40
0 0
1 2
1 13
0 0
1 4
1 9
-1 6
1 40
1 18
-1 2
1 1
1 2
-1 130
1 17
0 0
1 61
1 44
1 53
-1 28
1 14
0 0
0 0
-1 20
1 31
1 23
0 0
0 0
0 0
-1 2
1 54
1 7
-1 -5
1 36
1 113
1 12
-1 17
1 20
0 0
1 88
-1 63
1 15
1 38
-1 3
1 107
-1 8
1 2
0 0
0 0
0 0
0 0
-1 11
0 0
1 4
1 186
1 2
-1 32
1 6
-1 13
1 4
1 52
1 212
-1 10
1 10
0 0
-1 18
1 4
-1 14
1 1
1 10
0 0
1 133
-1 7
1 20
1 20
1 5
0 0
0 0
1 4
1 10
0 0
0 0
1 190
1 6
0 0
-1 23
0 0
1 3
-1 5
-1 2
0 0
1 40
-1 13
1 47
1 12
0 0
0 0
1 22
-1 -7
0 0
0 0
1 32
1 36
0 0
1 15
1 8
0 0
1 19
-1 10
1 14
0 0
1 6
-1 18
1 38
1 8
0 0
0 0
0 0
1 2
1 4
0 0
1 21
1 8
1 6
0 0
1 27
-1 17
-1 14
1 20
1 12
0 0
0 0
0 0
1 25
1 11
1 10
1 21
1 2
1 7
-1 12
1 44
-1 5
-1 -4
-1 15
-1 -3
1 15
1 47
1 7
1 17
1 156
1 16
1 11
1 14
1 8
-1 -6
-1 29
0 0
-1 10
1 28
-1 19
-1 47
-1 13
0 0
1 19
0 0
1 63
0 0
1 6
1 91
0 0
-1 11
-1 11
1 17
0 0
-1 19
1 20
1 7
1 7
-1 96
-1 181
-1 11
1 28
-1 12
0 0
1 33
1 23
1 8
-1 -4
0 0
-1 -2
-1 16
1 5
1 1
-1 12
1 33
1 10
0 0
-1 40
-1 -8
-1 11
1 181
1 30
1 19
-1 -53
1 36
-1 55
1 15
0 0
1 11
1 4
1 3
1 18
0 0
0 0
1 4
0 0
1 64
-1 -9
1 7
1 24
1 5
-1 191
1 39
0 0
0 0
1 32
0 0
1 191
0 0
-1 42
1 11
-1 8
1 134
-1 26
1 16
1 201
0 0
1 68
0 0
1 57
1 30
-1 4
-1 2
1 18
0 0
-1 9
-1 9
1 25
-1 14
1 20
1 6
1 46
0 0
0 0
0 0
1 29
1 32
1 47
-1 13
0 0
-1 1
-1 -5
0 0
0 0
1 3
1 3
0 0
1 112
-1 8
0 0
-1 22
0 0
0 0
1 69
0 0
-1 4
1 5
1 4
1 5
0 0
0 0
0 0
1 24
1 10
0 0
-1 -4
0 0
0 0
0 0
1 10
1 6
1 6
-1 7
1 35
-1 10
1 45
1 49
-1 12
1 37
1 6
0 0
1 6
1 1
0 0
1 71
0 0
-1 59
0 0
1 14
-1 10
0 0
-1 -5
-1 21
-1 10
0 0
0 0
0 0
1 121
1 22
1 2
1 9
1 16
0 0
0 0
0 0
0 0
1 5
1 148
1 9
-1 30
-1 -2
-1 41
1 81
0 0
1 4
1 13
0 20
1 46
0 0
0 0
0 0
-1 40
-1 23
-1 28
1 14
1 19
-1 11
0 0
1 11
1 45
-1 40
1 12
0 0
1 98
1 8
0 0
-1 121
0 0
0 0
-1 11
0 0
-1 7
1 8
0 0
-1 89
0 0
1 9
-1 20
0 0
1 112
-1 14
-1 58
1 79
1 11
0 0
1 14
1 2
-1 11
-1 -21
1 16
1 59
1 12
1 35
-1 9
1 54
1 19
-1 6
1 13
-1 5
-1 6
1 25
1 73
0 0
1 27
1 15
1 2
1 2
1 30
-1 267
0 0
0 0
1 21
0 0
-1 13
1 16
1 51
1 27
-1 51
-1 35
1 44
1 9
1 8
-1 30
0 28
1 51
0 0
-1 88
0 0
1 54
0 0
1 57
0 0
1 2
-1 13
1 71
1 11
-1 0
-1 12
0 0
1 36
1 9
0 0
0 0
-1 21
-1 36
-1 -19
-1 5
0 0
1 23
1 16
1 198
1 498
-1 24
1 12
1 222
1 3
0 0
0 0
-1 1
1 11
-1 36
1 370
1 4
1 2
1 99
-1 -7
-1 84
1 18
-1 3
-1 30
0 0
1 16
1 6
-1 13
1 29
-1 -4
-1 6
-1 17
0 0
1 4
1 5
1 4
1 18
0 0
1 6
0 0
1 18
-1 8
1 8
1 41
1 14
1 55
0 0
1 1
-1 -10
-1 8
0 0
1 25
1 29
-1 -4
1 2
1 7
1 9
0 0
0 0
1 27
-1 9
-1 100
1 24
1 33
1 27
1 3
1 54
0 0
-1 14
-1 36
0 0
-1 2
1 47
0 0
1 73
1 68
1 117
0 0
1 5
-1 28
1 1
0 0
-1 1
1 50
0 0
1 26
1 25
1 6
0 0
0 0
1 3
-1 9
1 5
1 5
0 0
1 10
1 12
1 17
0 0
0 0
0 0
1 14
-1 8
0 0
0 0
-1 -4
1 20
1 27
-1 11
0 0
0 0
-1 12
0 0
0 0
1 23
-1 1
-1 12
1 7
0 0
1 18
1 24
0 0
0 0
0 0
-1 3
-1 23
1 44
0 0
1 2
-1 7
0 0
0 0
1 11
0 0
-1 7
1 27
0 0
1 44
0 0
0 0
0 0
1 11
-1 446
1 20
-1 45
0 0
0 0
0 0
0 0
-1 34
1 13
1 16
0 0
-1 28
0 0
-1 63
1 11
1 7
1 12
-1 56
-1 4
1 1
1 44
1 9
0 0
-1 3
1 80
-1 46
-1 -1
0 0
1 14
0 0
-1 11
-1 10
0 0
1 3
-1 4
-1 35
-1 21
1 22
0 0
1 42
-1 25
1 4
1 46
1 8
1 33
1 23
0 0
0 0
0 0
-1 4
0 0
0 0
1 45
0 0
-1 -2
1 8
-1 20
0 0
0 0
-1 30
-1 25
1 2
-1 36
0 0
-1 14
1 19
0 0
1 20
0 0
0 0
1 11
1 14
-1 -6
1 21
1 4
1 97
-1 9
1 14
-1 1
-1 7
0 0
-1 31
1 1
-1 28
1 8
-1 9
-1 62
1 28
1 2
0 0
1 7
1 9
0 0
1 24
0 0
-1 22
1 6
-1 73
0 0
1 7
-1 14
-1 12
1 10
0 0
1 38
1 117
1 44
0 0
0 0
-1 19
1 21
1 109
-1 6
-1 2
1 17
-1 17
1 8
1 66
-1 33
1 36
-1 17
1 3
0 0
1 23
0 0
1 96
0 0
-1 75
1 22
0 0
0 0
0 0
1 2
-1 15
0 0
1 28
0 0
-1 99
1 16
1 9
1 3
-1 -1
-1 -5
1 20
1 6
1 6
-1 8
1 15
1 12
1 4
0 0
0 0
-1 5
0 0
1 40
1 2
0 0
1 9
0 0
0 0
1 23
1 20
1 15
0 0
1 9
1 9
1 63
1 2
0 0
-1 7
1 1
1 11
0 0
1 7
1 3
1 2
-1 13
-1 8
1 5
-1 18
1 78
0 0
-1 18
1 45
0 0
0 0
1 2
-1 17
-1 6
1 12
1 88
-1 32
-1 10
0 0
1 23
0 0
1 1
0 0
0 0
0 0
1 8
0 0
0 0
0 0
0 0
1 6
1 15
-1 19
-1 11
1 12
1 2
1 100
1 11
1 114
1 40
-1 9
1 19
-1 9
-1 28
1 3
-1 7
0 0
-1 6
1 2
-1 2
-1 5
1 15
1 12
1 18
-1 2
1 7
0 0
0 0
0 0
-1 22
1 13
1 3
-1 2
1 51
0 0
0 0
-1 6
-1 15
1 41
1 49
1 10
-1 37
-1 6
0 0
1 32
-1 2
0 0
0 0
1 6
1 6
1 7
1 16
0 0
1 20
-1 6
1 24
-1 2
-1 2
1 48
0 0
-1 6
1 37
1 25
0 0
0 0
1 20
1 15
-1 5
-1 79
0 0
0 0
-1 18
-1 17
-1 4
1 3
1 15
-1 9
-1 4
1 24
1 2
1 295
-1 9
1 23
1 16
0 0
1 3
-1 8
1 2
0 0
-1 16
1 16
0 0
1 5
0 0
1 2
1 3
-1 -5
1 10
-1 15
1 63
0 0
0 0
1 6
1 36
-1 13
0 0
1 8
1 3
-1 20
0 0
1 2
0 0
1 1
1 1
0 0
1 10
-1 5
-1 5
1 11
0 0
0 0
0 0
0 0
-1 11
0 0
-1 2
1 9
1 16
1 41
0 0
0 0
0 0
0 0
0 0
0 0
1 1
-1 6
-1 5
1 15
-1 5
-1 36
0 0
-1 1
0 0
-1 7
0 0
1 70
1 15
-1 3
1 9
1 5
0 0
-1 5
-1 16
-1 1
1 10
1 5
1 15
1 3
-1 139
1 53
-1 -29
0 36
-1 75
-1 5
1 11
1 11
0 0
1 20
-1 28
-1 6
0 0
-1 45
1 40
-1 4
1 20
1 4
0 0
-1 21
-1 61
-1 11
-1 -6
-1 26
0 0
-1 7
-1 19
0 0
0 0
1 43
0 0
1 29
1 11
1 18
0 0
0 0
-1 2
0 0
-1 4
-1 20
1 33
0 0
0 0
-1 12
1 187
-1 5
1 5
1 6
1 16
1 32
1 4
1 25
-1 15
1 24
1 88
0 0
0 0
1 3
0 0
1 11
1 33
0 0
1 20
1 3
0 0
1 26
0 0
1 4
-1 3
0 0
0 0
1 4
-1 3
1 12
1 1
-1 2
0 0
1 15
0 0
1 32
1 86
-1 6
-1 13
0 0
0 0
0 0
-1 -28
1 2
-1 44
0 0
-1 34
1 43
1 6
0 0
1 3
1 31
1 16
1 54
1 4
1 3
0 0
1 70
1 41
-1 2
-1 43
1 5
1 7
1 4
0 0
1 7
-1 1
1 114
1 5
0 0
-1 33
0 0
0 0
1 6
1 8
1 8
0 0
-1 17
0 0
0 0
0 0
1 10
0 0
0 0
0 0
-1 15
0 0
1 9
-1 19
1 9
1 8
-1 4
-1 8
1 19
1 83
-1 38
0 0
0 0
-1 9
-1 32
0 0
1 34
0 0
0 0
0 0
0 0
0 0
0 0
-1 32
-1 4
-1 7
1 13
1 17
-1 8
1 1
1 1
0 0
-1 25
0 0
0 0
0 0
1 34
0 0
1 25
1 4
0 0
1 14
1 3
0 0
1 3
-1 28
1 4
1 6
-1 30
1 11
0 0
0 0
0 0
0 0
1 31
1 208
1 11
0 0
0 0
-1 4
1 43
1 9
1 3
0 0
1 42
1 1
1 13
1 9
-1 4
1 81
-1 5
1 63
0 0
-1 37
1 8
0 0
1 16
0 0
1 1
0 0
1 15
1 33
1 4
0 0
-1 29
1 9
1 69
1 65
1 2
1 88
1 53
1 2
0 0
0 0
1 17
1 35
0 0
1 44
-1 39
0 0
-1 136
-1 7
1 6
0 0
1 32
0 0
1 68
0 0
1 2
1 11
1 31
1 48
1 15
1 77
-1 23
1 18
1 55
-1 36
1 12
0 0
1 23
-1 2
-1 10
1 17
1 60
0 0
-1 17
0 0
1 110
1 62
1 44
1 47
1 5
1 10
0 0
1 8
1 9
1 11
-1 35
-1 17
1 7
0 0
-1 58
0 0
0 0
1 9
0 0
1 1
0 0
0 0
1 11
0 0
-1 6
0 0
0 0
1 40
1 8
1 306
1 16
1 5
1 3
0 0
1 50
0 0
1 39
1 2
1 5
1 169
-1 81
0 0
-1 7
-1 136
-1 6
-1 3
1 7
-1 6
0 0
1 15
1 55
0 0
-1 8
1 23
1 23
0 0
-1 -1
1 12
1 12
-1 6
0 0
0 0
1 65
1 1
1 100
1 33
-1 8
-1 2
1 6
-1 14
1 5
0 0
1 13
1 18
1 3
0 22
-1 17
1 37
-1 3
1 8
1 14
1 2
0 0
0 0
-1 48
-1 11
0 0
0 0
0 0
0 0
0 0
0 0
0 0
0 0
0 0
1 8
-1 12
1 9
1 6
-1 2
-1 23
-1 1
0 0
0 0
1 10
0 0
-1 -2
0 0
1 1
1 10
-1 5
1 12
0 0
-1 4
0 0
1 10
0 0
-1 10
0 0
1 7
-1 46
-1 32
-1 27
1 37
-1 39
-1 39
1 48
-1 56
0 0
1 38
-1 34
1 22
1 56
0 0
0 0
-1 14
1 18
0 0
1 18
0 0
0 0
-1 -1
-1 16
0 0
-1 -7
-1 6
0 0
0 0
-1 8
0 0
1 6
0 0
1 41
0 0
1 3
0 0
1 8
1 29
0 0
1 7
1 23
1 7
1 22
1 1
0 0
0 0
1 75
0 0
0 0
1 11
0 0
0 0
1 2
1 106
0 0
0 0
0 10
0 0
0 0
-1 24
1 2
1 10
0 0
0 0
-1 35
1 4
1 7
0 0
0 0
1 27
0 0
1 10
0 0
1 19
1 14
-1 11
1 2
1 23
1 21
-1 8
1 12
-1 4
0 0
0 0
1 18
1 15
0 0
0 0
0 0
-1 4
1 10
1 29
1 5
1 32
-1 8
0 0
-1 16
-1 7
-1 2
0 0
0 0
1 17
1 5
1 6
-1 20
0 0
1 82
0 0
-1 11
0 0
1 12
-1 9
1 14
1 30
0 0
1 3
-1 1
0 0
1 4
-1 59
0 0
1 93
0 0
0 0
-1 2
0 0
-1 5
-1 42
0 0
1 1
0 0
-1 5
-1 6
1 12
1 6
0 0
-1 6
0 0
-1 9
1 20
0 0
-1 68
0 0
0 0
-1 29
1 17
1 15
1 3
-1 6
-1 6
1 6
1 6
1 139
-1 54
1 12
0 0
1 19
1 18
-1 8
-1 7
0 0
0 0
-1 2
1 6
1 6
1 16
1 6
1 9
0 0
1 5
-1 41
-1 2
1 3
1 68
0 0
-1 3
1 22
1 36
-1 41
-1 1
-1 1
0 0
1 11
0 10
1 1
1 8
0 0
-1 15
0 0
1 4
-1 16
-1 7
1 7
-1 4
1 5
1 8
-1 24
0 0
0 0
1 4
1 6
1 13
0 0
-1 5
-1 9
1 5
1 4
-1 33
1 22
0 0
1 1
1 4
0 0
-1 54
0 0
-1 4
0 0
1 7
-1 9
-1 4
0 0
1 3
1 2
0 0
-1 5
-1 9
0 0
-1 7
1 4
0 0
0 0
1 4
-1 5
1 144
1 12
0 0
0 0
1 9
1 1
1 9
1 47
0 0
1 21
-1 60
0 0
1 6
-1 8
1 16
1 17
0 0
1 6
0 0
0 0
-1 8
0 0
1 6
0 0
1 46
1 60
1 27
0 0
-1 8
-1 47
-1 -1
-1 53
1 4
0 0
0 0
1 4
1 24
1 27
1 4
0 0
1 31
1 2
-1 58
1 12
1 25
1 3
0 0
0 0
1 36
0 0
1 6
0 0
1 14
1 12
-1 11
1 7
1 101
-1 52
0 0
0 0
0 0
1 40
1 122
-1 32
1 12
-1 23
0 0
1 14
0 0
1 8
0 0
0 0
1 3
1 61
1 48
-1 4
1 14
1 3
-1 18
1 4
1 58
1 135
-1 70
0 0
0 0
1 6
0 0
0 0
0 0
-1 13
-1 -11
0 0
-1 170
1 3
1 26
-1 2
1 10
-1 5
0 0
0 0
1 75
0 0
-1 4
1 3
0 0
1 2
0 0
1 55
1 3
0 0
1 2
1 2
1 6
-1 19
1 15
1 41
-1 2
1 23
0 0
1 48
0 0
0 0
1 205
1 11
-1 142
0 0
-1 9
1 4
0 0
0 0
1 1
1 30
1 1
-1 11
1 11
1 37
-1 8
0 0
0 0
1 3
0 0
-1 22
0 0
1 17
-1 -3
-1 19
0 0
-1 4
0 0
0 0
1 4
-1 44
-1 3
1 5
0 0
-1 3
0 0
1 8
-1 5
1 3
1 4
-1 -4
1 26
1 15
1 20
0 0
0 0
0 0
-1 24
0 0
1 16
0 0
1 34
-1 1
-1 4
1 9
-1 -14
1 3
-1 15
-1 6
0 0
-1 29
1 23
0 0
-1 26
1 83
1 3
-1 28
-1 36
0 0
0 0
1 20
0 0
0 0
0 0
1 1
0 0
1 4
-1 4
1 2
1 1
1 54
0 0
-1 3
1 1
1 22
1 5
0 0
-1 52
0 0
1 22
-1 4
0 0
1 14
-1 35
0 0
1 1
0 0
1 10
1 41
1 49
-1 8
1 2
-1 21
1 18
1 17
0 0
-1 11
0 0
-1 42
1 9
1 44
-1 16
0 0
1 33
-1 10
-1 12
0 0
-1 10
-1 -20
-1 -1
-1 58
0 0
1 23
0 0
-1 9
1 88
1 22
1 5
1 89
0 0
1 11
0 0
0 0
-1 5
-1 49
-1 4
-1 -8
-1 8
0 0
0 0
-1 8
1 13
0 0
0 0
1 6
1 3
1 6
1 5
1 4
0 0
1 6
1 12
1 3
1 1
-1 43
-1 10
0 0
-1 5
0 0
-1 2
1 9
0 0
1 20
0 0
1 5
0 0
0 0
-1 8
-1 19
1 4
-1 5
1 6
1 27
1 6
-1 2
-1 1
-1 12
-1 7
1 5
-1 -1
1 14
0 0
0 0
1 20
-1 20
0 0
0 0
0 0
0 0
0 0
-1 2
-1 6
1 29
-1 8
0 0
-1 49
0 0
-1 20
1 228
-1 30
1 30
1 66
-1 3
0 0
0 0
0 0
-1 -2
-1 41
-1 24
-1 11
1 5
0 8
1 5
-1 -19
-1 7
-1 8
0 0
-1 7
0 0
1 46
-1 -5
1 18
1 25
-1 12
0 0
0 0
-1 152
1 18
-1 8
-1 1
1 40
-1 7
0 0
1 3
1 7
1 16
-1 21
0 0
1 21
1 18
1 10
1 3
1 7
1 16
-1 7
-1 117
1 210
1 193
1 33
0 0
0 0
-1 -3
0 0
1 27
1 7
1 19
1 19
0 0
0 0
-1 10
-1 13
-1 21
1 27
0 0
1 9
1 27
0 0
1 18
1 56
0 0
1 82
0 0
1 16
0 0
-1 1
0 0
-1 -1
1 9
0 0
-1 51
0 0
0 0
0 0
1 15
0 0
1 25
0 0
1 167
0 0
-1 7
0 0
1 17
0 0
-1 18
1 217
0 0
1 58
-1 40
-1 1
-1 68
1 17
1 27
0 0
1 11
0 0
1 21
0 0
1 9
1 26
0 0
1 23
0 0
1 33
1 71
1 8
-1 20
-1 8
1 9
0 0
0 0
0 0
1 7
-1 7
-1 3
1 105
0 0
0 0
0 0
0 0
1 16
1 8
-1 51
1 2
1 11
0 0
0 0
1 2
1 9
0 0
1 7
1 9
1 53
1 57
0 0
1 79
0 0
-1 19
0 0
-1 72
0 0
-1 97
1 22
0 0
1 56
1 34
1 6
0 0
-1 8
1 7
1 46
1 24
1 14
-1 15
-1 21
1 13
-1 15
1 1
1 14
1 25
1 2
0 0
-1 18
1 21
-1 5
0 0
-1 60
1 262
1 58
0 0
-1 21
1 26
1 15
0 0
-1 17
1 2
1 4
1 8
1 27
-1 12
-1 6
1 177
0 0
-1 7
1 93
1 18
1 13
0 0
1 61
0 0
-1 6
0 0
1 20
1 61
1 7
1 18
1 1
0 0
1 10
0 0
1 9
-1 14
0 0
1 15
1 104
-1 1
1 119
1 27
-1 11
-1 24
-1 23
1 10
-1 28
-1 -3
1 9
1 21
0 0
-1 17
1 60
-1 13
-1 7
-1 16
0 0
0 0
0 0
0 0
0 0
-1 4
0 0
1 8
0 0
0 0
1 63
1 10
1 2
1 15
1 25
1 3
1 5
1 24
1 6
1 4
1 8
0 0
-1 12
-1 37
1 17
0 0
1 7
1 149
1 39
-1 18
-1 -14
1 49
1 3
-1 29
1 4
-1 2
1 2
1 2
0 0
-1 5
0 0
1 15
-1 70
1 4
1 19
1 18
1 14
1 8
-1 -4
1 2
-1 21
-1 -1
0 0
-1 23
1 67
-1 -3
1 10
-1 31
1 21
1 6
1 24
1 47
1 7
1 7
-1 2
-1 25
-1 12
0 0
1 9
0 0
-1 8
0 0
-1 27
0 0
1 76
-1 14
0 0
1 1
0 0
1 48
0 0
1 4
-1 55
1 13
1 7
0 0
0 0
0 0
0 0
1 11
1 37
1 85
1 44
0 0
-1 -8
0 0
-1 35
1 8
1 2
1 13
-1 3
1 18
0 0
1 6
0 0
0 0
1 17
1 5
-1 36
0 0
-1 37
1 14
1 62
-1 6
1 31
1 25
1 226
-1 -7
0 0
1 1
-1 -3
0 0
1 14
1 104
-1 55
1 30
0 0
-1 -4
0 0
0 0
1 27
-1 49
-1 4
0 0
1 1
-1 12
1 106
0 0
1 10
-1 9
-1 13
0 0
-1 -8
0 0
1 6
1 5
1 114
1 15
0 0
1 7
1 70
0 0
1 91
1 94
0 0
-1 22
0 0
-1 -4
-1 -6
1 13
1 16
-1 1
0 0
0 0
0 0
1 5
0 0
0 0
0 0
-1 2
0 0
0 0
-1 53
1 2
-1 6
-1 15
-1 7
1 47
1 17
1 50
-1 12
0 0
0 0
-1 15
0 0
1 16
0 0
1 5
1 14
1 15
1 44
1 1
1 4
0 0
1 41
0 0
0 0
1 1
1 1
1 15
0 0
0 0
0 0
0 0
1 2
1 3
1 2
-1 47
0 0
1 11
0 0
0 0
-1 5
0 0
0 0
1 10
1 6
-1 13
1 3
1 12
0 0
1 40
-1 4
-1 38
1 10
1 12
1 6
1 2
1 4
-1 9
0 0
0 0
1 10
1 2
1 43
1 1
-1 47
-1 23
1 20
0 0
0 0
1 2
0 0
1 5
-1 2
-1 2
-1 9
1 83
-1 13
0 0
0 0
1 32
0 0
0 0
1 10
0 0
1 24
0 0
-1 16
1 239
0 0
-1 7
1 306
1 51
-1 11
-1 19
0 0
-1 6
0 0
0 0
1 43
1 30
0 0
1 29
-1 21
1 25
1 60
1 25
1 17
1 25
1 24
1 70
-1 5
1 14
0 0
0 0
1 16
1 25
1 1
0 0
1 5
0 0
1 5
0 0
-1 39
1 4
0 0
-1 23
1 39
-1 9
-1 15
1 4
-1 -4
0 0
0 0
1 3
0 0
0 0
1 10
0 0
-1 33
-1 14
1 5
1 31
1 6
0 0
-1 28
1 11
1 73
0 0
1 8
1 36
1 4
0 0
1 78
0 0
1 2
1 18
0 0
1 22
-1 11
-1 14
1 31
1 8
1 10
-1 36
1 11
-1 9
-1 37
0 0
-1 3
-1 -7
-1 14
-1 8
1 40
1 11
-1 4
1 23
0 0
0 0
1 50
1 17
0 0
0 0
1 20
1 25
-1 51
1 5
1 18
1 3
1 6
1 9
1 5
-1 32
0 0
-1 20
1 13
-1 8
1 82
1 50
1 36
1 42
-1 24
1 53
1 11
1 43
1 34
-1 2
0 0
0 0
1 3
0 0
0 0
1 15
-1 17
-1 -9
0 0
0 0
1 37
-1 17
1 37
-1 87
1 13
1 11
1 19
1 36
-1 18
-1 2
0 0
1 20
-1 113
1 15
-1 43
1 12
1 1
0 0
0 0
0 0
-1 1
-1 37
-1 -4
1 37
-1 15
-1 111
-1 6
0 0
-1 153
0 0
-1 7
0 0
0 0
-1 7
0 0
1 18
-1 26
0 0
1 11
1 22
0 0
1 31
1 23
0 0
1 8
1 4
0 0
0 0
-1 12
-1 -1
0 0
-1 13
0 0
-1 17
1 14
0 0
1 32
1 28
0 0
0 0
-1 16
-1 6
-1 15
-1 71
-1 12
0 0
-1 5
-1 2
-1 8
0 0
0 0
0 14
1 26
-1 5
1 24
0 0
1 35
1 43
1 45
-1 14
0 0
0 0
1 96
-1 -22
0 0
1 81
-1 3
1 21
0 0
-1 31
0 0
0 0
1 11
-1 -1
-1 -17
0 0
1 31
-1 4
0 0
-1 5
0 0
0 0
0 0
0 0
0 0
1 33
1 8
1 20
1 2
0 0
0 0
0 0
1 48
0 0
1 20
1 29
1 37
-1 18
1 115
-1 41
1 49
0 0
1 11
1 7
0 0
1 1
1 37
-1 10
1 60
1 26
1 10
1 18
0 0
1 7
1 17
-1 9
1 8
0 0
0 0
-1 9
1 9
-1 21
-1 7
-1 17
-1 8
1 10
1 4
1 9
-1 4
-1 3
0 0
1 4
1 9
0 0
1 25
1 21
1 16
1 1
1 22
0 0
0 0
0 0
1 5
1 1
1 10
0 0
0 0
0 0
1 6
0 0
-1 11
1 28
1 31
1 2
1 1
-1 5
1 6
1 2
1 11
1 1
0 0
1 2
1 3
-1 8
-1 9
0 0
1 16
0 0
0 0
1 75
1 6
0 0
0 0
1 1
1 27
1 2
1 15
1 16
0 0
0 0
0 21
1 1
1 7
-1 -4
1 151
1 12
1 3
1 12
1 20
1 14
1 33
0 0
1 13
1 7
1 7
1 5
1 9
1 1
1 91
0 0
0 0
-1 18
1 3
0 0
-1 12
1 6
0 0
0 0
1 33
1 14
1 12
0 0
-1 55
1 14
1 40
0 0
1 12
-1 53
1 28
0 0
0 20
1 4
0 0
1 5
1 17
1 3
0 0
1 16
0 0
-1 1
0 0
1 26
0 0
1 10
-1 7
1 17
1 83
1 1
1 51
1 11
-1 11
1 5
1 47
0 0
-1 4
1 12
1 3
-1 37
0 0
0 0
1 11
1 44
0 0
-1 8
1 13
-1 7
0 0
1 27
1 17
-1 11
1 5
1 26
1 6
1 5
0 0
1 4
0 0
0 0
1 3
1 18
1 19
1 6
-1 14
1 10
0 0
-1 27
0 0
0 0
1 13
1 7
1 25
1 182
1 13
1 15
-1 5
0 0
0 0
1 26
1 7
1 4
1 14
0 0
0 0
0 0
0 0
-1 2
-1 13
-1 21
0 0
0 0
1 5
1 241
0 0
1 5
1 113
-1 12
0 0
-1 11
0 0
1 6
1 82
0 0
1 75
1 12
1 29
1 13
0 0
-1 -2
1 39
1 4
0 0
1 10
1 2
1 25
0 0
1 4
1 9
0 0
1 3
1 3
-1 24
-1 4
-1 6
-1 2
1 3
0 0
-1 2
1 3
0 0
0 0
1 32
1 1
1 32
0 0
0 0
1 14
1 8
0 0
-1 31
-1 6
0 0
1 104
-1 16
1 13
1 43
1 14
-1 16
1 46
0 0
-1 13
0 0
0 0
0 0
1 9
1 5
1 1
0 0
0 0
0 0
0 0
0 0
1 4
0 0
1 11
0 0
-1 36
-1 21
0 0
-1 11
-1 2
1 8
1 5
0 0
1 33
0 0
-1 2
1 11
1 76
1 221
-1 5
1 17
-1 8
-1 28
1 13
0 0
1 10
1 4
1 3
-1 3
1 21
-1 43
1 2
0 0
0 0
0 0
0 0
-1 32
1 101
0 0
-1 37
1 2
1 2
1 2
0 0
0 0
1 40
1 7
-1 59
0 0
-1 9
1 125
1 4
1 10
-1 9
-1 -5
-1 27
-1 11
-1 13
1 95
-1 16
0 0
1 11
-1 181
-1 90
1 6
1 32
1 31
0 0
1 7
1 72
1 35
1 5
1 3
1 10
0 0
1 14
1 1
1 2
0 0
1 14
0 0
1 5
0 0
0 0
1 36
-1 28
0 0
1 7
0 0
0 0
1 21
0 0
1 2
-1 17
0 0
0 0
1 17
1 36
0 0
1 8
0 0
0 0
-1 -29
0 0
-1 24
1 4
1 15
0 0
0 0
1 29
1 8
1 18
0 0
1 5
1 4
1 30
1 9
1 10
0 0
1 1
1 69
-1 9
-1 11
1 13
1 56
0 0
0 0
1 29
0 0
1 19
-1 25
0 0
-1 39
1 8
-1 12
1 21
-1 66
-1 23
0 0
-1 33
1 2
-1 22
-1 38
1 5
-1 83
1 12
0 0
1 14
-1 18
1 94
0 0
1 14
1 5
1 8
1 23
0 0
1 8
0 0
-1 5
1 17
1 4
0 0
-1 7
1 10
1 103
0 0
-1 51
-1 13
0 0
0 0
0 0
1 3
1 7
1 4
1 38
1 9
0 0
-1 5
1 16
1 13
-1 2
1 130
1 9
1 30
0 0
-1 8
0 0
0 0
0 0
1 3
1 12
-1 11
0 0
1 8
1 2
1 19
0 0
-1 6
0 0
-1 18
1 6
0 0
1 18
-1 7
-1 22
1 2
-1 9
1 4
1 16
0 0
1 6
1 16
0 0
-1 4
1 34
-1 43
0 0
1 34
-1 3
1 8
0 0
-1 43
1 23
1 9
1 7
-1 19
-1 4
0 0
1 8
0 0
1 72
0 0
0 0
1 7
1 53
1 15
-1 10
-1 9
-1 13
0 0
1 1
-1 43
0 0
0 0
-1 16
-1 3
1 23
0 0
1 5
-1 4
1 18
0 0
-1 9
0 0
0 0
0 0
0 0
1 7
-1 2
1 1
-1 11
0 0
0 0
1 4
1 3
1 10
0 0
-1 8
1 7
-1 6
-1 5
-1 13
-1 6
1 1
0 0
-1 5
-1 7
0 16
0 0
0 0
1 2
0 0
-1 -8
-1 8
1 1
1 13
1 12
1 11
0 0
0 0
0 0
1 3
1 5
0 0
0 0
1 6
0 0
0 0
1 152
1 15
1 2
1 17
1 45
1 23
1 30
1 16
-1 18
-1 13
-1 2
-1 6
0 0
-1 18
1 149
0 0
0 0
1 32
0 0
1 7
-1 15
-1 8
1 7
1 12
-1 28
1 8
0 0
0 0
-1 10
1 7
0 0
0 0
1 79
1 51
-1 19
-1 6
1 17
0 0
1 1
1 1
0 0
1 15
1 1
-1 62
-1 8
0 0
1 96
0 0
-1 33
0 0
0 0
0 0
0 0
1 3
1 7
1 3
1 4
1 12
-1 25
-1 35
1 30
-1 9
0 0
0 0
-1 8
1 40
0 0
1 40
0 0
1 2
0 0
0 0
1 21
1 68
0 0
0 0
1 2
1 21
0 0
1 6
1 9
1 9
0 0
1 36
-1 18
1 24
1 3
1 4
1 26
1 6
0 0
-1 3
0 0
1 4
0 0
-1 -2
0 0
1 4
1 4
0 0
0 0
0 0
0 0
0 0
-1 4
-1 9
1 33
0 0
1 23
-1 9
0 10
1 12
1 15
0 0
1 22
0 0
1 20
0 0
0 0
0 0
0 0
-1 17
-1 4
-1 5
0 0
0 0
1 24
-1 56
1 17
1 119
0 0
-1 31
0 0
-1 13
1 54
0 0
1 1
0 0
1 2
0 0
1 79
1 8
0 0
-1 6
0 0
1 10
1 5
1 29
0 0
0 0
1 8
0 0
0 0
1 16
1 8
-1 30
1 7
-1 29
0 0
1 22
-1 23
0 0
1 2
1 7
-1 17
0 0
-1 7
0 0
1 16
1 6
0 0
1 49
-1 13
0 0
-1 2
0 0
1 8
1 13
-1 8
0 0
1 25
0 0
0 0
-1 10
0 0
1 8
0 0
1 21
1 53
1 29
1 11
1 11
-1 8
0 0
1 24
1 3
1 21
1 13
1 9
0 0
-1 2
-1 29
-1 8
-1 49
0 0
1 4
1 22
-1 6
-1 37
-1 -1
1 3
1 6
0 0
-1 9
0 0
1 30
0 0
0 0
1 25
-1 11
0 0
0 0
1 20
1 6
0 0
1 4
0 0
-1 1
1 30
1 165
1 52
-1 17
0 0
1 10
-1 -3
1 38
0 0
1 4
1 399
0 0
-1 99
0 0
-1 11
0 0
0 0
0 0
1 24
0 0
0 0
1 51
1 51
-1 26
-1 10
1 3
0 0
-1 3
1 8
-1 14
0 0
-1 7
1 4
0 0
1 4
0 0
-1 16
-1 8
0 0
-1 34
1 52
-1 7
1 12
-1 -1
0 0
-1 10
0 0
1 57
-1 13
-1 11
0 0
0 0
-1 10
1 2
-1 8
1 40
1 3
0 0
0 0
1 35
0 0
0 0
0 0
1 10
0 0
1 52
-1 18
-1 15
0 0
-1 -5
-1 25
1 25
0 0
1 11
-1 35
0 0
1 27
0 0
-1 26
0 0
-1 19
1 11
0 0
1 39
1 2
1 18
0 0
-1 45
1 9
0 0
-1 -7
-1 12
1 128
0 0
0 0
1 5
0 0
-1 13
-1 11
1 3
-1 41
1 15
1 6
1 14
0 0
0 0
-1 25
1 17
1 0
1 12
0 0
1 34
1 22
1 8
0 0
1 4
-1 -6
1 54
1 11
-1 13
-1 -14
-1 20
1 6
0 0
-1 -23
-1 38
-1 10
1 1
0 0
1 19
-1 13
1 45
0 0
-1 5
1 27
0 0
1 24
1 40
1 6
0 0
-1 14
1 6
0 0
-1 9
1 13
0 0
-1 30
-1 6
0 0
0 0
-1 8
-1 -8
0 0
1 25
0 0
0 0
1 32
1 6
1 29
0 0
-1 11
-1 3
-1 25
0 0
1 35
1 10
1 109
-1 -6
0 0
1 14
1 10
-1 43
-1 18
0 0
-1 15
1 21
-1 13
1 6
1 4
1 34
1 61
1 38
0 0
0 0
1 1
-1 8
-1 5
1 74
0 0
1 2
1 2
1 16
1 4
1 11
1 89
1 63
0 0
-1 42
1 7
-1 6
-1 4
1 18
1 9
0 0
1 12
1 56
1 19
1 22
1 8
-1 7
0 0
0 0
1 27
1 3
0 0
0 0
-1 29
0 0
1 67
-1 16
0 0
1 7
1 54
1 4
-1 9
0 0
1 2
0 0
0 0
-1 32
0 0
1 43
0 0
1 12
0 0
0 0
1 13
1 34
1 13
0 0
0 0
0 0
1 32
-1 29
-1 6
1 18
1 6
1 9
-1 60
0 0
-1 11
1 258
-1 43
-1 16
0 0
0 0
0 0
-1 31
1 35
1 326
1 15
0 0
-1 17
1 9
-1 77
1 9
-1 10
-1 13
1 6
1 26
1 1
0 0
1 7
1 40
-1 4
0 0
0 0
-1 23
1 7
-1 10
1 17
1 2
1 3
1 31
1 3
1 8
1 4
-1 9
1 14
-1 16
0 0
0 0
0 0
0 0
0 0
0 0
0 0
-1 -8
1 2
0 0
0 0
1 3
0 0
0 0
0 0
0 0
-1 28
1 2
-1 3
1 28
1 24
0 0
-1 8
-1 19
1 3
0 0
-1 9
1 22
1 4
0 0
0 0
1 25
1 6
-1 8
1 6
0 0
-1 4
1 9
-1 11
1 6
-1 8
0 0
1 7
-1 2
-1 10
0 0
1 15
1 3
-1 13
1 5
-1 2
0 0
-1 8
1 24
1 8
0 0
-1 21
1 17
-1 -61
1 8
1 10
1 63
1 18
1 1
0 0
-1 45
0 0
1 5
1 17
-1 -4
-1 -6
-1 33
-1 7
0 0
-1 11
-1 5
1 23
0 0
-1 19
0 0
0 0
1 24
-1 7
1 37
1 2
1 3
-1 -11
1 92
0 0
1 32
0 0
-1 17
0 0
-1 5
0 0
1 20
1 17
0 0
1 35
1 7
0 0
0 0
0 0
0 0
1 1
1 42
0 0
1 28
-1 -6
1 37
1 6
1 1
1 1
-1 10
0 0
1 11
1 5
0 0
-1 29
1 55
1 7
1 5
-1 30
-1 1
0 0
0 0
1 4
0 0
0 0
-1 22
-1 81
1 2
-1 6
-1 2
0 0
1 4
0 0
1 1
0 0
0 0
0 0
0 0
1 1
0 0
-1 4
0 0
0 0
1 5
0 0
0 0
1 1
1 8
0 0
0 0
1 1
1 5
0 0
1 5
0 0
1 5
0 0
0 0
0 0
0 0
0 0
0 0
0 0
1 5
0 0
1 4
0 0
1 5
0 0
0 0
-1 1
0 0
0 0
0 0
-1 3
-1 6
1 1
0 0
1 1
0 0
1 2
1 3
1 1
0 0
0 0
0 0
-1 8
1 1
1 73
-1 7
1 1
1 5
1 5
-1 3
1 2
1 18
0 0
-1 14
1 23
1 1
1 4
1 17
1 1
0 0
0 0
0 0
1 2
0 0
-1 10
-1 16
0 0
-1 49
1 12
0 0
1 44
1 53
1 11
1 10
1 33
1 9
1 24
1 19
1 38
-1 32
-1 10
0 0
0 0
1 197
1 9
0 0
-1 -7
1 33
0 0
1 12
1 98
0 0
0 0
0 0
-1 6
0 0
0 0
0 0
1 22
1 14
0 0
1 0
0 0
0 0
-1 6
0 0
1 3
1 8
1 3
1 13
1 1
-1 200
0 0
0 0
-1 23
0 0
-1 9
1 9
1 16
0 0
1 149
0 0
-1 58
-1 -1
0 0
-1 49
0 0
1 3
-1 -5
1 3
1 2
1 113
1 1
-1 11
1 10
-1 29
1 2
-1 5
-1 2
1 17
0 0
0 0
0 0
1 12
0 0
1 84
1 32
1 36
1 2
1 26
-1 16
0 0
1 2
0 0
1 3
1 17
1 129
-1 17
1 17
0 0
1 53
1 16
0 0
0 0
0 0
1 168
0 0
1 13
1 37
1 11
0 0
-1 137
1 12
0 0
1 38
-1 11
0 0
1 10
0 0
1 10
1 13
0 0
-1 4
0 0
1 3
1 5
1 39
1 98
0 0
1 6
1 19
1 17
1 9
1 22
0 0
1 11
0 0
0 0
0 0
1 73
1 8
1 13
1 16
1 26
0 0
-1 15
1 31
1 215
1 9
0 0
1 11
1 5
-1 10
1 10
1 15
-1 53
0 0
1 1
1 4
1 8
1 52
1 6
0 0
-1 11
1 49
1 35
-1 15
1 2
1 19
1 29
1 24
1 34
0 0
1 6
0 0
-1 5
1 2
-1 39
1 10
-1 -4
1 2
1 20
1 55
0 0
1 195
-1 12
1 86
1 12
0 0
0 0
-1 15
0 0
0 0
0 0
1 264
0 0
1 14
0 0
1 6
1 11
0 0
1 5
-1 26
0 0
1 39
1 30
1 14
1 21
0 0
1 3
1 6
-1 7
1 48
1 3
1 6
1 50
-1 5
1 76
-1 8
1 22
1 51
0 0
0 0
-1 -2
0 0
1 61
-1 18
0 0
-1 8
-1 13
1 9
1 13
-1 39
-1 -4
0 0
1 6
-1 2
0 0
0 0
0 0
0 0
1 37
0 0
-1 -3
0 0
1 3
-1 8
1 8
1 7
0 0
0 0
1 22
1 2
1 2
1 6
1 4
0 0
-1 22
-1 -5
0 0
-1 -15
0 0
0 0
-1 21
-1 9
-1 -48
1 19
0 0
1 1
1 76
1 15
1 1
1 23
1 12
1 25
-1 8
1 10
1 41
-1 24
1 10
0 0
1 21
1 6
1 3
1 3
1 9
1 9
1 4
0 0
-1 242
1 2
1 1
1 14
-1 57
1 30
1 3
1 14
1 3
0 0
1 21
1 70
-1 15
1 7
-1 7
0 0
0 0
1 50
1 3
1 10
1 16
1 1
1 13
1 52
1 65
1 3
1 4
1 22
1 71
-1 34
0 80
1 15
1 10
-1 15
1 6
1 210
0 0
1 6
0 0
1 29
1 91
0 0
0 0
0 0
-1 21
0 0
1 36
0 0
1 5
1 3
1 109
1 11
1 10
1 2
0 0
1 7
1 5
1 6
-1 11
1 39
1 19
-1 5
0 0
1 8
-1 57
1 29
-1 13
1 62
1 164
1 8
-1 4
1 1
1 16
1 9
1 3
-1 7
0 0
0 0
1 8
1 166
0 0
1 11
1 108
-1 2
1 87
1 60
-1 7
-1 5
-1 23
0 0
0 0
-1 10
1 26
1 1
0 0
1 30
0 0
-1 2
0 0
1 12
1 79
1 2
1 46
1 9
1 13
0 0
0 0
1 3
0 0
-1 6
1 2
-1 23
1 21
-1 4
0 0
-1 6
0 0
1 97
-1 2
-1 8
1 16
1 162
1 6
1 2
-1 15
1 21
-1 30
-1 21
0 0
-1 -18
-1 11
1 16
-1 9
-1 21
1 134
-1 27
-1 17
0 0
1 3
1 6
1 35
1 24
1 21
-1 12
1 4
1 24
-1 6
1 10
1 198
0 0
1 6
0 0
-1 1
-1 1
0 0
1 5
1 252
1 17
0 0
1 14
1 11
-1 7
-1 1
1 27
0 0
-1 32
1 18
1 16
-1 17
0 0
1 5
0 0
1 21
0 0
1 163
0 0
0 0
0 0
1 115
0 0
-1 10
-1 71
-1 12
0 0
1 12
0 0
-1 -16
1 26
1 76
0 0
1 7
-1 67
1 18
1 16
0 0
-1 195
-1 31
-1 5
1 40
-1 30
1 4
0 0
1 3
-1 3
1 11
-1 11
0 0
1 33
1 128
0 0
1 9
0 0
1 7
0 0
0 0
0 0
1 26
0 0
-1 7
1 26
1 6
1 13
1 67
1 340
0 0
-1 14
1 148
1 4
0 0
1 53
0 0
0 0
1 19
0 0
1 6
-1 14
0 0
0 0
0 0
0 39
1 11
1 25
0 0
1 42
1 126
1 8
1 49
0 0
0 0
-1 37
1 7
0 0
0 0
-1 4
0 0
-1 111
0 0
-1 85
1 16
1 5
1 5
-1 27
1 3
1 10
1 8
1 30
-1 -2
1 6
1 16
1 76
1 13
0 0
1 19
1 51
1 8
1 6
0 8
1 20
1 97
1 73
1 104
1 39
1 137
-1 5
0 0
1 186
0 0
1 3
1 31
1 19
1 25
-1 -8
0 20
1 114
-1 6
0 0
-1 -10
1 33
1 11
1 12
1 2
0 0
1 12
1 1
1 0
0 0
1 29
0 0
0 0
1 23
0 0
-1 1
1 28
1 13
-1 9
1 11
-1 1
1 51
1 5
1 1
0 0
-1 16
1 42
1 1
-1 22
1 2
1 2
0 0
-1 4
-1 11
0 0
-1 17
0 0
-1 15
1 17
1 4
1 2
1 19
-1 12
1 2
0 0
1 11
-1 15
1 32
0 0
0 0
1 2
-1 19
-1 19
1 2
1 13
1 11
1 4
-1 15
-1 2
0 0
0 0
1 0
0 0
-1 4
1 20
0 0
0 0
1 19
-1 13
1 7
-1 20
-1 22
1 86
-1 25
1 5
1 10
1 4
0 0
-1 20
1 5
1 2
1 10
1 1
-1 12
-1 19
0 0
0 0
1 14
1 7
0 0
-1 1
-1 1
1 14
-1 17
0 0
1 3
0 0
0 0
1 8
0 0
-1 8
1 108
1 1
-1 17
-1 19
0 0
0 0
0 0
0 0
1 13
1 4
0 0
1 2
1 121
1 31
1 11
-1 17
-1 8
-1 17
-1 4
0 0
-1 10
-1 19
1 4
0 0
0 0
1 13
0 0
1 157
1 53
0 0
1 19
0 0
-1 18
1 37
0 0
1 28
-1 10
1 33
-1 2
0 0
0 0
1 5
1 5
-1 12
1 14
-1 17
1 4
-1 12
1 3
1 10
1 4
-1 1
-1 1
1 4
1 9
1 29
1 12
0 0
1 2
0 0
1 10
-1 15
1 18
1 25
0 0
0 0
0 0
0 0
-1 142
-1 27
1 4
1 230
1 43
0 0
-1 6
-1 26
-1 -7
1 56
0 0
-1 6
1 4
0 0
0 0
1 7
0 0
1 17
1 2
0 0
1 127
1 78
-1 -7
1 13
-1 14
-1 -17
1 148
1 10
1 8
-1 1
1 5
1 4
0 0
1 5
-1 -1
1 4
-1 14
-1 32
1 4
-1 10
-1 13
1 14
0 0
-1 37
1 4
0 0
-1 17
-1 10
1 3
1 12
1 4
-1 4
-1 29
-1 2
0 0
0 0
0 0
1 1
-1 42
0 0
-1 58
1 8
-1 19
0 0
-1 21
1 2
1 50
-1 199
0 0
0 0
1 4
-1 21
0 0
-1 72
1 164
1 22
0 0
1 13
-1 10
1 185
1 47
-1 0
1 36
0 0
-1 16
1 9
1 6
1 8
1 17
1 17
-1 8
-1 42
0 0
1 7
1 1
1 45
-1 7
1 19
1 4
0 0
1 7
0 0
0 0
-1 5
1 7
-1 19
-1 6
1 85
1 1
0 0
1 18
-1 22
1 4
0 0
1 212
-1 7
-1 -15
0 0
0 0
0 0
1 6
0 0
1 8
-1 26
1 3
1 21
-1 8
1 113
-1 -6
0 0
-1 3
1 10
-1 1
-1 199
1 3
1 85
0 0
0 0
0 0
0 0
0 0
0 0
1 27
0 0
-1 36
0 0
1 5
-1 25
-1 2
-1 7
-1 18
0 28
0 0
1 6
0 0
1 201
-1 43
-1 8
0 0
1 13
-1 71
-1 9
1 113
-1 81
0 0
-1 7
-1 55
1 20
0 0
1 41
0 0
1 14
-1 26
1 18
-1 53
1 22
1 4
0 0
1 24
1 97
1 16
-1 6
-1 7
1 11
-1 -12
-1 3
-1 22
-1 15
1 45
-1 13
0 0
-1 24
-1 -4
-1 2
1 3
0 0
1 2
1 17
-1 6
0 0
-1 3
-1 29
1 7
1 9
-1 4
-1 17
-1 1
-1 18
1 9
0 0
-1 2
1 38
-1 10
0 0
-1 5
-1 4
1 20
0 0
1 9
1 13
-1 4
-1 6
1 13
1 44
-1 14
1 20
0 0
0 0
-1 -3
-1 44
0 0
-1 25
1 125
-1 26
1 13
1 10
1 13
1 19
0 0
1 14
1 41
0 0
-1 -2
1 82
1 34
-1 6
1 1
0 0
1 159
1 8
-1 40
-1 8
0 0
0 0
1 31
1 8
0 0
1 98
-1 66
0 0
-1 18
1 26
1 4
0 0
0 0
-1 30
-1 18
-1 12
1 17
-1 7
1 7
0 0
-1 21
1 23
1 19
0 0
-1 32
-1 7
1 40
0 0
0 0
1 9
1 52
1 7
-1 10
-1 22
-1 112
1 5
0 0
-1 29
0 0
-1 44
-1 98
1 48
0 0
1 9
-1 7
0 0
1 11
1 6
0 0
-1 10
1 1
-1 20
-1 6
0 0
1 8
1 2
0 0
1 10
-1 12
1 2
1 6
-1 6
0 0
-1 21
0 0
1 4
1 33
0 0
1 10
-1 8
0 0
1 40
1 2
0 0
1 15
-1 56
0 0
1 6
-1 14
1 24
-1 -24
0 0
-1 7
0 0
1 41
1 15
1 26
1 1
1 6
1 4
-1 156
-1 13
0 0
-1 9
-1 -5
1 16
1 5
1 49
0 0
-1 7
1 15
1 4
-1 19
1 18
-1 5
0 0
-1 112
0 0
1 11
-1 -3
0 0
1 4
0 0
-1 57
-1 46
1 103
0 0
0 0
0 0
-1 10
-1 41
0 0
-1 -1
-1 6
0 0
-1 -10
1 14
1 5
1 13
-1 9
0 0
-1 16
0 0
0 0
1 14
1 11
1 55
-1 13
1 27
1 11
1 69
-1 63
-1 65
0 0
-1 3
1 3
1 2
1 19
1 14
1 4
0 0
-1 7
0 0
0 0
-1 -8
-1 8
0 0
0 0
-1 2
-1 17
-1 4
0 0
1 9
-1 5
1 24
0 0
-1 23
0 0
1 3
1 43
0 0
1 21
0 0
1 21
1 44
1 152
1 4
-1 29
1 23
1 38
1 2
1 4
1 17
1 13
-1 -2
-1 1
1 2
-1 19
1 33
1 7
1 2
-1 45
1 35
1 27
-1 15
1 4
-1 46
-1 54
-1 33
1 41
0 0
0 0
-1 17
1 22
1 32
1 15
-1 51
-1 15
0 0
-1 32
-1 41
1 13
1 15
1 32
-1 230
1 28
0 0
1 15
-1 21
-1 -1
1 54
-1 15
1 7
-1 8
1 114
0 0
-1 38
-1 8
0 0
0 0
-1 5
0 0
-1 21
0 0
0 0
-1 13
-1 23
1 7
-1 34
1 17
-1 -1
-1 16
0 0
1 58
-1 7
1 47
0 0
0 0
1 5
0 0
1 11
0 0
0 0
-1 -8
1 116
-1 27
-1 74
0 0
-1 -9
-1 20
0 0
0 0
-1 -6
1 19
1 11
-1 41
0 0
1 4
0 0
1 7
-1 2
-1 39
1 56
1 78
-1 16
1 3
1 30
-1 39
0 54
1 4
-1 34
1 94
1 36
-1 26
-1 4
-1 25
0 0
0 0
1 72
1 87
-1 10
-1 16
1 10
1 2
-1 37
1 22
-1 1
1 9
-1 17
1 65
1 2
0 0
0 0
-1 6
1 4
1 15
-1 20
1 25
-1 1
1 52
1 13
-1 7
0 0
0 0
0 0
0 0
0 0
0 0
1 1
1 13
-1 9
0 0
0 0
-1 -7
0 0
0 0
0 0
0 0
-1 61
1 17
-1 15
1 1
1 5
1 2
-1 -30
1 5
1 9
1 2
1 10
1 7
1 63
1 12
0 0
1 12
-1 61
1 15
1 8
0 0
1 10
1 11
1 1
1 98
0 0
-1 17
1 5
1 12
0 0
1 6
1 37
-1 11
1 7
0 0
0 0
1 39
0 0
0 0
1 4
1 21
1 12
-1 9
-1 16
-1 4
0 0
0 0
0 0
-1 24
-1 7
-1 18
1 13
0 0
-1 8
-1 1
0 0
-1 15
-1 1
1 30
-1 7
0 0
0 0
0 0
-1 85
0 0
-1 19
1 35
1 24
-1 7
0 0
1 34
1 1
1 11
-1 8
1 4
1 10
1 20
0 0
0 0
1 14
0 0
-1 35
1 13
1 4
1 12
-1 32
-1 35
-1 44
0 8
1 17
1 30
-1 6
0 0
1 84
1 8
-1 16
1 11
0 0
-1 78
-1 3
1 4
-1 21
1 63
1 9
1 28
-1 -8
0 0
1 5
0 0
-1 34
1 42
1 26
0 0
1 45
-1 12
0 0
0 0
0 0
1 22
0 0
1 126
1 13
0 0
1 4
-1 15
0 0
0 0
1 5
-1 58
0 0
1 17
-1 8
-1 76
1 51
1 37
1 30
1 5
1 46
1 67
0 0
-1 8
-1 1
-1 10
0 0
-1 8
1 19
-1 -2
-1 -3
0 0
1 13
1 1
1 17
1 7
-1 6
0 14
1 9
-1 15
0 0
0 0
1 2
0 0
-1 11
1 6
1 1
1 5
-1 4
0 0
1 44
-1 24
0 0
1 27
1 35
1 2
1 3
1 14
1 12
1 11
1 48
1 100
0 0
1 65
1 101
1 52
1 38
0 0
-1 6
0 93
-1 -2
0 0
0 0
-1 50
0 0
-1 6
0 0
1 8
-1 26
1 91
-1 39
1 4
0 0
0 0
1 38
0 0
0 0
-1 -2
0 0
1 3
1 19
1 3
0 0
-1 -5
1 7
1 29
0 0
1 2
1 20
-1 3
0 0
-1 7
0 0
0 0
0 0
-1 39
0 0
-1 8
-1 -9
0 0
1 13
1 18
0 0
0 0
1 3
0 0
-1 13
0 0
0 0
0 0
-1 2
1 12
1 15
0 0
1 13
1 47
0 0
1 5
0 0
1 5
1 26
1 11
1 3
1 3
-1 9
-1 12
0 0
-1 34
-1 29
0 0
0 0
-1 18
-1 45
1 14
0 0
-1 22
1 11
0 0
-1 11
-1 27
1 64
0 0
1 19
0 0
0 0
0 0
0 0
1 13
1 15
1 62
1 3
0 0
0 0
1 4
1 12
1 21
-1 14
1 17
-1 45
-1 22
1 5
1 6
1 22
1 197
-1 33
1 6
0 32
0 0
0 0
0 0
1 2
0 0
0 0
-1 3
1 11
1 23
1 31
0 0
-1 11
-1 26
0 0
1 29
1 72
1 3
-1 44
0 0
0 0
1 16
0 0
1 1
1 6
1 20
1 32
-1 -1
1 5
-1 260
0 0
1 2
1 17
1 9
-1 13
0 0
-1 16
-1 28
1 4
1 47
1 97
1 4
0 0
0 0
-1 426
1 117
-1 6
-1 44
-1 73
-1 20
0 0
0 0
-1 50
1 31
1 8
1 132
0 0
-1 5
0 0
1 422
1 4
1 11
0 0
0 0
1 76
-1 3
1 67
-1 1
0 0
1 11
-1 -3
1 9
1 1
-1 48
1 50
0 0
0 0
0 0
0 0
0 0
1 13
1 28
1 5
1 12
0 0
-1 10
0 0
1 18
-1 7
1 4
1 3
0 0
-1 74
1 46
1 47
0 0
-1 1
0 0
0 0
0 0
1 4
-1 76
1 3
-1 -3
0 0
1 20
1 7
0 0
1 41
-1 12
1 9
0 0
-1 -8
-1 30
1 1
1 24
0 0
-1 2
1 88
1 5
1 20
-1 33
1 4
0 0
1 14
-1 6
0 0
0 0
-1 3
-1 17
-1 14
0 0
-1 19
0 0
-1 7
0 0
1 2
0 0
0 0
1 16
0 0
-1 -7
1 6
-1 -1
-1 7
1 15
-1 17
-1 29
1 63
0 0
0 0
1 3
0 0
1 3
1 5
1 30
0 0
-1 8
-1 3
0 0
-1 2
1 1
1 9
-1 17
1 25
0 0
1 4
1 86
0 0
-1 -4
0 0
0 0
1 10
1 19
1 61
-1 22
-1 45
-1 19
-1 8
0 0
1 13
1 11
0 0
0 0
0 0
0 0
0 0
-1 37
-1 34
0 0
-1 7
0 0
1 7
0 0
-1 21
-1 4
1 4
1 36
1 15
-1 13
1 3
1 10
0 0
-1 24
-1 5
1 2
1 4
0 0
0 0
0 0
1 13
1 3
1 42
1 5
1 36
-1 6
1 4
-1 1
1 39
0 0
-1 6
-1 11
1 27
-1 2
-1 26
-1 4
1 15
-1 13
-1 43
-1 17
1 2
-1 8
0 0
1 12
1 42
1 68
1 22
-1 15
0 0
1 43
0 0
1 13
1 98
1 31
0 0
0 0
1 27
-1 49
1 42
1 40
0 0
1 12
-1 6
1 55
0 0
1 3
1 19
0 0
1 21
1 60
-1 21
1 20
-1 36
1 6
-1 14
-1 4
-1 53
1 22
0 0
0 0
0 0
0 0
-1 -2
1 2
-1 15
0 0
1 39
1 14
-1 8
1 3
1 6
1 48
-1 6
-1 43
-1 45
0 0
0 0
1 22
1 29
-1 224
1 46
-1 3
-1 1
1 10
1 6
1 36
-1 27
0 0
1 8
0 0
0 0
1 8
0 0
0 0
0 0
0 0
1 1
-1 7
1 40
1 30
-1 15
-1 37
1 34
1 45
1 26
-1 18
1 70
1 1
-1 45
-1 140
1 120
-1 4
1 2
-1 13
-1 6
-1 16
0 0
0 0
1 4
-1 35
0 0
1 26
1 16
1 10
-1 3
-1 2
1 21
-1 13
1 2
1 3
1 2
0 0
1 22
-1 3
0 0
0 0
0 0
0 0
-1 87
1 24
1 13
0 0
-1 6
-1 15
-1 6
0 0
1 10
-1 14
1 29
-1 25
0 0
0 0
0 0
-1 16
1 5
1 52
-1 29
1 9
-1 -14
-1 3
1 1
0 0
0 0
0 0
0 0
1 112
0 0
1 10
-1 9
1 18
1 199
-1 53
1 34
1 2
-1 -7
1 42
-1 25
-1 9
1 26
0 0
1 29
1 31
1 2
0 0
0 0
1 8
0 0
0 0
0 0
1 5
1 40
0 0
1 83
-1 19
-1 -1
0 0
1 4
-1 30
-1 36
-1 -4
1 32
1 9
1 39
1 40
-1 7
-1 7
1 11
1 37
-1 3
1 15
0 0
1 7
-1 36
-1 36
0 0
-1 98
1 9
1 12
1 4
-1 12
1 164
-1 7
1 104
0 0
1 3
0 0
-1 2
0 0
0 0
1 27
1 4
1 4
-1 30
1 1
-1 48
1 9
1 14
1 6
1 30
-1 35
1 11
0 0
1 17
1 12
-1 7
1 33
1 2
1 5
1 8
1 6
0 0
-1 8
0 0
1 2
-1 -29
0 0
1 37
1 5
0 0
1 12
1 19
0 0
0 0
0 0
-1 7
0 0
1 5
-1 38
1 15
-1 32
-1 91
-1 100
-1 71
1 19
1 32
-1 4
0 0
-1 17
0 0
-1 79
1 11
-1 7
-1 18
-1 52
1 17
-1 -19
1 17
1 6
0 0
1 7
1 21
1 18
0 0
1 3
0 0
1 6
1 6
0 0
1 333
-1 43
1 31
-1 18
1 1
1 26
1 25
0 0
1 26
-1 158
1 23
1 102
1 55
1 11
-1 -11
-1 15
0 0
1 15
1 18
0 0
0 0
1 6
-1 2
1 8
0 0
1 7
-1 29
0 0
0 0
1 1
1 43
0 0
-1 13
1 28
1 28
1 23
0 0
1 6
1 16
1 6
-1 38
1 51
0 0
-1 45
1 36
1 5
1 2
0 0
1 34
-1 1
1 8
1 60
-1 2
1 19
-1 -1
0 0
0 0
-1 13
1 2
0 0
0 0
0 0
-1 23
0 0
1 21
-1 11
1 19
0 0
0 0
1 19
-1 20
1 8
-1 11
0 0
1 4
1 6
1 34
0 0
0 0
1 2
-1 -1
0 0
0 0
-1 76
1 8
-1 8
1 3
1 31
1 4
-1 17
-1 7
-1 37
0 0
1 18
0 0
1 7
0 0
-1 8
1 4
0 0
1 9
0 0
0 0
-1 8
0 0
-1 6
1 4
1 2
-1 21
-1 31
0 0
-1 31
0 0
1 4
1 6
-1 19
1 1
-1 22
-1 16
1 10
1 32
0 0
-1 6
1 9
1 24
1 34
0 0
1 19
1 68
1 11
0 0
-1 11
1 16
1 5
-1 5
1 10
1 6
-1 57
1 31
-1 45
1 7
0 0
1 7
1 6
0 0
1 4
1 11
-1 -3
0 0
1 18
0 0
-1 41
1 5
-1 6
1 6
0 0
0 0
0 0
1 8
1 24
1 7
1 10
0 0
1 2
1 5
0 0
1 2
1 14
1 29
0 0
1 24
1 34
1 101
1 6
1 28
0 0
-1 5
1 4
1 20
1 48
1 5
0 0
1 24
0 0
1 10
0 0
-1 10
0 0
0 0
1 78
1 3
1 14
1 10
1 9
-1 2
1 9
1 21
0 0
1 17
0 0
0 0
1 25
1 98
1 19
1 44
1 16
1 49
-1 9
1 13
-1 1
1 57
-1 46
1 6
-1 81
1 30
1 4
-1 13
1 29
1 22
1 26
1 24
0 0
1 6
1 12
1 15
1 34
1 82
1 134
0 10
1 27
1 212
0 0
1 3
1 7
-1 9
0 0
1 4
0 0
0 0
1 11
1 18
1 31
1 6
1 2
0 0
1 127
-1 14
-1 27
0 0
0 0
1 2
-1 14
1 25
1 15
1 23
1 5
0 0
0 0
1 22
1 19
-1 4
0 0
0 0
-1 5
1 2
0 0
1 5
1 22
-1 3
0 0
-1 50
-1 -15
0 0
1 17
1 111
-1 4
0 0
1 56
0 0
0 0
1 70
0 0
1 59
1 5
-1 8
1 1
1 8
-1 7
-1 1
1 4
1 64
0 0
0 0
-1 16
1 26
-1 9
0 0
1 21
-1 53
0 0
1 7
1 7
0 0
1 48
-1 50
0 0
0 0
0 0
-1 6
1 21
1 41
1 4
1 4
0 0
1 27
0 0
1 4
0 0
-1 8
1 1
0 0
1 23
0 0
-1 18
0 0
1 10
-1 12
0 0
1 23
-1 32
-1 20
1 52
1 24
1 10
1 18
0 0
1 28
0 0
1 64
1 32
-1 7
0 0
1 25
0 0
0 0
0 0
-1 25
-1 52
1 7
1 2
-1 10
-1 3
1 30
1 65
1 61
0 0
1 11
1 7
1 191
-1 4
-1 14
-1 9
1 17
0 0
-1 16
0 0
0 0
1 6
-1 7
0 0
0 0
1 145
1 23
0 0
0 0
-1 8
1 7
0 0
0 0
-1 14
0 0
-1 5
1 2
-1 15
1 25
0 0
-1 14
0 0
1 14
-1 8
0 0
0 0
0 0
0 0
1 61
-1 7
-1 16
-1 9
-1 7
-1 1
0 0
0 0
-1 11
-1 17
0 0
1 8
-1 27
1 10
0 0
0 0
0 0
0 0
-1 14
-1 7
0 0
-1 32
0 0
1 31
1 12
-1 8
1 33
1 4
-1 6
-1 12
1 9
1 4
1 11
1 34
1 2
1 31
-1 28
0 0
0 0
0 0
0 0
1 4
0 0
0 0
0 0
0 0
0 0
-1 16
1 42
1 13
1 14
-1 15
1 115
1 10
0 0
0 0
0 0
0 0
-1 2
-1 1
0 0
-1 14
-1 3
0 0
-1 90
-1 -27
0 0
-1 3
1 4
0 0
1 16
0 0
1 15
1 2
1 21
1 29
0 0
0 0
1 31
0 0
1 6
-1 -12
1 41
0 0
1 14
1 65
0 0
0 0
0 0
-1 16
1 8
0 0
0 0
1 4
1 4
0 0
1 11
1 6
0 0
1 2
-1 14
1 10
0 0
0 0
-1 4
0 0
-1 10
1 3
0 0
1 2
-1 8
1 22
-1 14
1 40
1 14
0 0
1 5
0 0
-1 -1
-1 3
0 0
1 1
1 19
-1 19
0 0
1 55
0 0
0 0
-1 7
-1 5
1 107
0 0
1 164
0 0
0 0
1 8
1 33
1 11
-1 9
1 5
1 71
0 0
0 0
1 16
1 11
1 8
0 0
0 0
-1 8
1 3
1 1
1 36
0 0
0 0
0 0
0 0
0 0
1 2
0 0
1 8
0 0
0 0
-1 7
-1 6
1 10
1 2
1 1
1 126
1 36
1 4
-1 13
1 2
0 0
0 0
-1 22
0 0
0 0
1 23
1 25
1 5
0 0
1 16
-1 4
1 7
1 6
1 5
1 5
1 2
-1 47
1 14
1 10
0 0
0 0
-1 4
1 306
1 41
1 12
0 0
0 0
-1 12
-1 3
1 9
-1 11
1 33
0 0
1 6
1 14
1 29
1 25
1 100
1 1
0 0
0 0
-1 25
-1 5
0 0
1 19
0 0
0 0
1 39
-1 8
0 0
-1 -2
-1 9
1 3
1 2
1 4
0 0
1 34
0 0
-1 7
0 0
-1 4
-1 21
-1 -1
1 1
-1 -1
-1 4
1 46
-1 11
0 0
1 16
1 2
1 43
1 127
1 5
0 0
1 8
-1 27
1 3
1 3
1 7
1 2
-1 -1
-1 18
1 9
1 47
0 0
1 33
1 17
-1 28
1 4
1 2
-1 13
0 0
-1 1
0 0
0 0
-1 15
1 37
1 13
-1 1
1 21
1 28
0 0
0 0
0 0
0 0
-1 6
0 0
1 1
1 2
1 5
1 2
1 1
1 9
0 0
0 0
1 16
0 0
1 1
1 8
1 8
0 0
0 0
0 0
0 0
-1 6
1 12
1 14
0 0
0 28
0 0
1 61
-1 -1
0 0
1 6
0 0
-1 15
-1 23
1 9
1 5
1 1
1 16
0 0
-1 8
1 5
1 10
-1 1
1 1
0 0
0 0
-1 16
-1 10
0 0
1 48
1 25
-1 6
0 0
1 8
-1 5
-1 6
1 3
-1 7
1 6
1 8
0 0
-1 10
-1 6
-1 1
0 20
1 8
1 12
0 0
-1 -1
1 7
0 0
1 43
-1 19
1 22
0 0
1 7
1 17
0 0
0 0
1 11
1 85
1 24
-1 2
-1 7
0 0
0 0
0 0
1 9
-1 32
0 0
1 14
0 0
1 12
0 0
0 0
1 26
1 262
0 0
1 3
0 0
1 23
1 110
0 0
-1 23
0 0
0 0
-1 15
-1 2
1 42
1 20
1 6
1 5
0 0
0 0
-1 23
1 19
-1 34
-1 2
0 0
1 16
0 0
0 0
0 0
1 39
1 35
0 0
-1 4
1 6
1 22
1 64
0 0
-1 85
1 4
1 13
1 5
1 8
-1 12
-1 23
1 2
0 0
0 42
1 13
1 5
-1 10
0 0
1 21
1 2
0 0
1 7
0 0
1 36
-1 13
-1 1
1 207
1 7
0 0
-1 2
-1 6
1 3
0 0
1 14
1 12
1 8
1 16
0 0
0 0
0 0
1 18
1 2
1 187
1 16
1 6
1 14
1 1
-1 8
1 5
1 11
-1 6
1 14
1 9
-1 8
-1 2
0 0
1 1
-1 19
0 0
-1 3
1 12
-1 124
0 0
1 22
-1 4
1 9
0 0
1 2
-1 13
1 72
-1 2
-1 15
1 20
0 0
-1 -7
0 0
-1 8
1 6
0 0
-1 4
-1 4
1 87
0 0
1 5
-1 4
0 0
0 0
0 0
0 0
-1 3
-1 60
0 0
-1 7
0 0
1 3
0 0
0 0
0 0
1 62
1 35
0 0
0 0
1 92
1 2
-1 18
0 0
-1 9
-1 31
-1 12
0 0
1 7
0 0
1 14
1 22
0 0
1 64
1 55
-1 15
0 0
0 0
-1 1
-1 -3
1 13
1 63
1 43
1 24
-1 7
0 0
-1 35
0 0
0 0
1 6
1 3
0 0
1 21
0 0
-1 -8
0 0
1 61
0 0
0 0
0 0
1 4
1 81
1 13
1 23
0 0
1 17
1 3
0 0
0 0
1 26
1 31
1 36
0 0
0 0
0 0
1 10
0 0
-1 34
1 12
-1 21
1 100
0 0
0 0
-1 105
1 15
0 0
-1 9
1 17
-1 8
1 2
1 16
0 0
0 0
1 10
-1 8
0 0
1 10
-1 61
0 0
1 5
1 1
0 0
0 0
1 96
1 17
0 0
0 0
1 32
0 0
-1 10
1 57
-1 65
-1 5
-1 65
1 29
1 12
1 75
1 7
1 55
-1 5
-1 13
-1 27
1 36
0 0
-1 2
-1 22
-1 6
1 4
1 42
1 20
-1 10
1 26
-1 9
-1 6
0 0
1 76
1 11
1 9
1 21
1 11
-1 11
1 10
1 2
-1 50
1 10
-1 31
1 194
-1 15
0 0
1 4
-1 1
1 4
-1 46
1 18
0 0
-1 -3
1 2
-1 1
1 64
1 27
-1 53
-1 10
1 9
1 132
0 0
1 121
-1 22
0 0
1 2
-1 8
-1 2
0 0
1 12
0 0
1 2
0 0
0 0
1 37
-1 4
0 0
1 8
0 0
-1 7
0 0
1 21
0 0
1 1
1 2
-1 138
1 18
1 82
1 1
1 13
0 0
-1 61
0 0
1 18
1 4
-1 8
-1 19
1 14
0 0
1 6
1 2
0 0
-1 7
1 8
1 3
-1 6
-1 1
-1 29
1 5
1 2
0 0
1 14
0 0
-1 6
1 6
0 0
-1 1
0 0
-1 5
-1 6
1 7
0 0
1 47
0 0
0 0
0 0
-1 5
-1 11
0 0
-1 3
0 0
0 0
0 0
1 38
1 6
1 41
1 393
1 120
0 0
1 8
0 0
-1 26
0 0
1 45
1 3
1 6
1 24
0 0
0 0
1 24
1 12
1 17
0 0
1 225
0 0
0 0
1 17
0 0
0 0
0 0
0 0
0 0
0 0
1 4
0 0
0 0
-1 8
1 6
1 2
0 0
-1 4
-1 1
1 11
1 7
1 12
-1 59
0 0
-1 52
1 9
1 130
1 20
-1 26
0 0
1 4
0 0
0 0
1 17
1 5
0 0
1 16
0 0
1 12
-1 35
-1 8
1 6
0 0
1 13
0 0
1 6
1 15
1 10
0 0
0 0
0 0
0 0
0 0
0 0
0 0
1 9
1 14
1 16
0 0
1 4
0 0
1 29
1 6
1 48
0 0
-1 34
0 0
1 4
-1 13
1 9
1 96
1 20
1 50
0 0
0 0
1 3
-1 4
-1 31
-1 5
0 0
1 8
1 2
-1 6
1 31
1 8
1 2
0 0
0 0
1 1
0 56
-1 38
0 0
1 5
1 3
-1 8
1 4
1 14
0 0
-1 19
-1 9
0 0
-1 10
0 0
0 0
1 115
0 0
1 29
1 8
-1 13
1 6
-1 2
-1 88
0 0
1 35
-1 10
1 8
1 2
0 0
0 0
0 0
0 0
0 0
1 1
1 25
1 4
-1 39
0 0
0 0
1 4
-1 9
1 87
0 0
-1 17
0 0
-1 -7
1 22
-1 44
0 0
0 0
0 0
-1 31
0 0
0 0
-1 -15
0 0
1 5
0 0
-1 3
-1 27
0 0
1 84
-1 4
1 43
1 6
1 29
-1 11
0 0
-1 50
0 0
0 0
1 41
-1 1
0 0
0 0
-1 1
-1 4
-1 27
1 6
1 2
0 0
0 0
1 6
0 0
-1 43
-1 19
0 0
-1 -9
1 35
1 104
0 0
0 0
0 0
0 0
0 0
1 11
0 0
0 0
-1 21
1 29
1 26
1 14
-1 41
1 3
0 0
1 73
1 3
-1 36
0 0
1 10
-1 8
1 3
1 13
1 4
1 2
-1 11
0 0
-1 6
1 10
1 3
1 24
1 31
1 21
-1 16
1 45
1 11
1 13
0 0
1 2
1 71
-1 3
1 8
0 0
1 3
0 0
1 6
0 0
-1 -3
1 5
1 29
-1 28
1 19
0 0
0 0
0 0
1 4
0 0
-1 -4
0 21
1 5
-1 27
1 177
1 6
0 0
1 15
-1 0
1 3
0 0
1 4
1 11
-1 7
-1 6
1 144
1 5
0 0
-1 12
1 410
1 57
0 0
1 2
-1 8
1 6
1 9
-1 27
1 6
-1 21
0 0
1 40
-1 32
-1 7
1 11
-1 8
0 0
1 32
1 6
0 0
0 0
1 2
0 0
1 148
0 1
-1 3
0 0
1 2
1 12
-1 -2
1 6
1 17
1 8
0 0
0 0
1 25
0 0
0 0
1 17
0 0
-1 3
1 4
-1 2
1 41
1 25
1 111
0 0
-1 13
0 0
0 0
0 0
1 102
0 0
0 0
-1 19
0 0
1 3
1 63
0 0
-1 9
0 0
-1 9
0 0
0 0
1 29
0 0
1 21
0 0
1 29
1 1
0 0
-1 4
0 0
0 0
1 17
1 8
1 25
0 0
1 176
1 38
0 0
1 2
0 0
1 6
0 0
1 14
1 2
-1 16
1 13
1 2
1 13
1 8
0 0
1 1
-1 27
-1 1
1 13
0 0
1 8
0 0
1 18
0 0
0 0
1 10
-1 116
1 29
1 10
1 134
0 0
1 27
-1 36
0 0
-1 2
1 5
-1 9
0 0
-1 4
1 11
1 9
-1 1
1 4
0 0
-1 6
1 8
1 2
0 0
0 0
0 0
1 30
1 9
1 67
1 4
1 5
1 1
-1 5
0 0
1 5
0 0
-1 -2
-1 19
-1 11
1 15
1 43
1 24
1 19
0 0
1 3
1 21
1 61
0 0
1 32
1 13
1 64
-1 -3
1 27
1 4
-1 8
1 59
0 0
0 0
1 45
-1 15
1 25
1 7
1 20
1 352
1 10
-1 9
1 41
0 0
-1 332
1 8
1 79
1 9
1 4
0 0
1 96
1 244
1 6
-1 17
1 26
1 34
0 0
0 0
1 18
-1 10
1 3
1 5
-1 8
1 22
1 239
1 3
1 104
0 0
0 0
1 13
0 0
0 0
1 36
-1 10
-1 17
1 17
-1 13
1 19
-1 25
1 58
1 16
0 0
-1 138
0 0
0 0
1 31
-1 12
0 0
-1 11
0 0
1 19
0 0
0 0
0 0
0 0
-1 17
0 0
0 0
-1 13
-1 6
1 8
1 7
-1 7
1 12
0 0
0 0
0 0
-1 6
1 12
-1 3
1 24
1 13
1 45
1 17
0 0
1 11
1 5
-1 89
-1 35
1 10
1 72
0 0
0 0
1 20
0 0
-1 8
1 33
1 2
-1 -11
1 9
1 7
1 87
0 0
-1 12
-1 8
1 12
1 6
0 0
0 0
1 35
1 27
1 29
0 0
0 0
1 19
0 0
-1 2
1 20
-1 6
1 48
1 10
1 35
0 0
1 6
-1 6
1 2
1 14
1 19
0 0
0 0
1 57
-1 6
-1 96
1 32
1 38
-1 6
0 0
1 24
-1 8
-1 24
0 0
1 32
1 3
1 7
0 0
1 9
0 0
1 17
1 8
0 0
0 0
0 0
1 32
1 43
-1 14
-1 6
-1 2
-1 16
1 7
1 17
-1 4
0 0
1 11
0 0
-1 -8
1 9
1 8
0 0
1 7
0 0
0 0
1 44
1 26
1 9
1 9
1 11
-1 11
-1 23
0 0
0 0
0 0
1 12
-1 5
-1 25
-1 22
1 4
1 19
0 0
0 0
0 0
1 17
0 0
-1 -1
1 3
1 17
-1 76
1 24
1 10
1 160
1 3
-1 24
1 7
1 363
1 35
-1 20
1 50
1 31
0 0
-1 -8
1 6
-1 11
-1 83
-1 20
1 7
1 11
0 0
-1 10
-1 8
1 12
0 0
1 2
-1 5
0 0
1 120
-1 -9
1 4
0 0
-1 62
1 32
0 0
1 19
0 0
0 0
0 0
0 0
0 0
1 2
0 0
-1 24
-1 4
0 0
-1 8
1 1
-1 11
1 4
-1 49
1 126
0 0
1 53
1 5
1 3
1 6
1 8
1 24
0 0
1 30
1 52
1 18
0 0
1 2
-1 58
1 21
0 0
0 0
0 0
0 0
1 11
0 0
-1 12
1 55
1 41
-1 1
1 58
-1 4
1 4
0 0
1 39
1 25
-1 18
0 0
1 1
-1 14
0 0
1 12
0 0
1 2
1 6
1 49
0 0
0 0
1 19
0 0
0 0
1 43
1 8
0 0
0 0
1 17
-1 15
-1 2
1 10
-1 5
1 97
0 0
1 9
0 0
1 65
1 10
0 0
-1 34
-1 4
0 0
1 17
1 111
-1 7
1 116
1 14
1 7
0 0
0 0
-1 9
1 51
0 0
0 0
1 11
0 0
-1 19
1 64
1 37
-1 7
1 3
1 16
1 53
0 0
-1 6
1 19
1 3
1 5
1 46
1 55
0 0
1 8
-1 23
1 5
1 15
-1 22
-1 6
1 27
-1 89
0 0
1 43
-1 9
-1 8
-1 26
0 0
0 0
1 9
0 0
0 0
1 2
1 136
-1 4
-1 118
1 19
1 7
-1 21
1 1
-1 -43
-1 18
1 11
-1 6
1 5
1 6
0 0
-1 2
-1 21
0 0
-1 5
1 21
1 24
-1 11
1 3
0 0
1 4
-1 15
0 0
1 18
0 0
-1 9
0 0
-1 22
-1 1
1 4
0 0
0 0
1 73
-1 56
1 12
-1 10
1 14
1 31
1 21
-1 12
0 0
1 58
1 16
1 3
1 68
-1 11
1 42
-1 1
0 0
1 1
1 2
-1 1
0 0
1 86
-1 8
1 18
1 24
1 7
0 0
1 17
1 195
1 47
0 0
1 12
1 9
1 9
1 6
-1 139
1 3
1 23
-1 9
-1 17
1 101
1 36
1 64
1 4
1 47
1 4
1 16
0 0
0 0
0 0
-1 14
1 89
1 16
0 0
-1 8
0 0
-1 17
-1 4
0 0
1 4
-1 13
-1 6
0 0
0 0
0 0
-1 3
1 30
0 0
1 25
1 7
1 15
0 0
0 0
0 0
1 21
-1 4
-1 7
-1 6
1 1
-1 8
0 0
0 0
0 0
-1 1
1 37
0 0
0 0
-1 6
1 78
1 10
-1 -3
1 20
1 74
1 18
-1 24
1 23
0 0
1 25
1 4
1 20
-1 39
-1 6
-1 -5
-1 17
0 0
0 0
0 0
0 0
0 0
1 22
-1 2
0 0
0 0
0 0
-1 12
0 0
0 0
-1 15
1 68
0 0
1 13
-1 -6
-1 -20
-1 23
1 8
-1 14
0 0
1 25
0 0
1 28
1 9
-1 16
0 0
0 0
0 0
0 0
-1 33
0 0
1 17
1 18
-1 -4
-1 3
1 14
1 93
0 0
0 0
1 28
1 72
-1 -19
0 0
1 21
0 0
1 14
0 0
-1 16
-1 2
-1 6
1 45
-1 3
-1 12
0 0
1 6
0 0
1 83
-1 37
1 87
1 15
1 6
-1 1
1 67
-1 -3
-1 13
-1 51
-1 68
1 7
1 44
0 0
1 5
0 0
0 0
0 0
-1 6
1 4
0 0
1 21
-1 10
0 0
-1 31
1 13
1 49
1 12
1 33
0 0
1 4
1 11
-1 59
1 2
-1 112
0 0
1 95
1 9
1 38
-1 65
0 0
1 22
1 25
-1 11
-1 15
0 0
1 24
1 38
-1 14
1 21
-1 4
0 0
0 0
0 0
-1 12
1 6
0 0
1 16
1 2
0 0
1 4
0 0
0 0
0 0
-1 12
0 0
0 0
-1 36
1 1
-1 159
0 0
-1 2
0 0
-1 11
0 0
-1 3
0 0
-1 16
-1 21
-1 26
1 2
1 7
1 8
1 35
-1 2
1 11
-1 20
1 50
-1 13
-1 42
1 3
1 17
0 0
-1 32
0 0
1 6
1 29
1 28
1 48
1 7
1 20
1 3
-1 6
1 6
-1 12
1 5
1 167
1 8
1 2
-1 8
1 10
0 0
-1 4
1 3
-1 -5
1 2
1 11
1 15
1 3
1 70
-1 7
1 4
0 0
1 2
1 32
1 1
1 6
1 3
1 14
1 10
0 0
0 0
1 4
1 24
1 19
1 5
1 84
0 0
-1 5
0 0
1 4
1 12
0 0
1 102
1 28
0 6
1 14
-1 74
-1 218
-1 6
-1 23
1 2
1 46
1 10
-1 12
1 56
1 14
1 8
0 0
1 9
-1 -14
0 0
-1 69
1 16
1 9
-1 46
1 4
1 19
1 23
1 9
1 60
1 105
0 0
1 11
0 0
1 23
1 3
1 6
-1 -15
1 77
-1 16
1 4
1 68
1 41
-1 3
1 3
-1 10
-1 4
0 0
-1 6
0 0
-1 4
1 12
1 48
1 5
0 0
0 0
-1 -6
-1 14
0 0
1 9
1 31
1 28
-1 31
0 0
-1 81
1 2
1 1
0 0
0 0
-1 2
1 2
0 0
1 4
-1 345
1 13
1 63
1 1
1 32
1 12
-1 5
-1 85
-1 9
-1 38
-1 13
1 166
-1 -5
1 2
0 20
-1 9
1 183
-1 -1
0 0
-1 88
1 54
0 0
-1 52
1 6
-1 42
1 13
0 0
-1 52
-1 47
0 0
0 0
0 0
1 50
0 0
1 102
1 116
1 33
0 0
0 0
0 0
-1 10
-1 58
0 0
-1 -3
1 58
1 8
-1 9
-1 1
1 2
1 16
1 61
-1 10
1 20
0 0
1 2
0 0
1 53
0 0
1 10
0 0
0 0
1 44
1 62
1 51
1 13
-1 4
1 18
-1 19
0 0
1 21
1 179
1 33
-1 3
-1 3
1 10
-1 35
1 9
1 15
0 0
1 2
0 0
0 0
-1 5
-1 3
-1 13
0 0
-1 -27
1 90
1 48
0 0
-1 74
1 9
-1 70
1 9
-1 -4
-1 10
1 57
1 10
0 0
1 34
1 17
0 0
-1 15
1 72
1 54
1 23
1 15
1 146
-1 42
1 3
-1 26
-1 4
-1 54
0 0
-1 11
1 30
1 23
0 0
0 0
1 22
-1 32
-1 -11
0 0
1 15
0 0
1 7
0 0
0 0
0 0
1 4
0 0
-1 42
0 0
1 2
1 22
0 0
-1 5
1 30
-1 24
1 2
0 0
-1 10
0 0
0 0
-1 5
1 10
-1 28
0 0
0 0
1 17
1 33
0 0
-1 12
-1 -2
0 0
0 0
1 6
0 0
0 0
0 0
1 2
-1 10
0 0
1 3
-1 11
0 0
0 35
0 0
1 2
-1 9
0 0
0 0
0 0
-1 33
1 3
0 0
1 7
-1 52
-1 11
1 155
-1 -4
-1 6
-1 30
-1 8
-1 57
1 94
-1 6
0 0
1 1
1 9
0 0
0 0
1 4
-1 12
1 12
1 47
-1 44
-1 128
1 6
0 0
1 10
1 3
1 36
1 3
0 0
-1 13
-1 43
1 17
-1 14
1 30
-1 17
1 4
1 101
0 0
1 15
0 0
1 27
1 1
1 20
-1 22
-1 58
-1 5
0 0
0 0
1 8
-1 13
1 17
1 10
-1 -2
-1 5
1 2
1 54
-1 5
1 52
0 0
0 0
1 12
0 0
1 2
1 2
0 0
0 0
1 20
0 0
-1 29
1 4
1 17
0 0
0 0
1 14
-1 2
1 12
1 20
1 152
1 3
-1 5
1 111
1 26
0 0
0 0
0 0
1 12
1 9
0 0
0 0
0 0
0 0
1 3
1 6
-1 9
-1 206
1 20
1 18
-1 48
-1 2
0 0
-1 22
-1 2
1 69
1 3
-1 7
-1 39
1 19
1 32
1 11
0 0
-1 2
0 0
1 15
0 0
0 0
0 0
1 24
-1 129
1 25
1 100
0 0
-1 9
1 1
-1 -3
0 0
0 0
0 0
1 20
0 0
0 0
1 2
-1 134
0 0
-1 206
1 5
1 11
0 0
1 21
-1 37
1 1
1 61
1 67
-1 -3
1 2
1 19
1 45
0 0
1 7
0 0
0 0
0 0
0 0
-1 2
1 17
0 0
1 2
1 10
0 0
1 73
1 21
0 0
1 18
0 0
0 0
-1 76
0 0
1 8
0 0
0 0
0 0
0 0
0 0
-1 14
-1 19
-1 20
0 0
1 59
0 0
1 6
-1 54
1 28
0 0
0 0
-1 10
0 0
1 12
1 6
1 116
0 0
-1 9
1 23
-1 83
-1 6
-1 2
-1 7
-1 8
1 3
1 58
-1 -3
-1 14
-1 12
0 0
-1 30
-1 18
0 0
0 0
0 0
-1 19
-1 20
1 22
1 54
1 26
-1 74
-1 -10
0 0
-1 9
-1 55
-1 6
-1 8
-1 26
1 10
0 0
0 0
0 0
1 5
1 87
0 0
1 15
-1 6
0 0
1 38
1 9
0 0
1 2
0 0
1 7
-1 8
-1 6
0 0
1 7
1 5
1 67
-1 6
1 188
1 1
-1 15
1 1
1 1
-1 79
0 0
0 0
1 11
-1 8
0 0
-1 8
1 2
1 11
-1 35
1 35
1 1
0 0
1 65
-1 6
0 0
1 42
1 22
1 4
1 3
0 0
0 0
1 8
0 0
1 3
1 31
-1 7
1 4
-1 12
1 6
-1 20
1 32
0 0
-1 6
1 24
-1 232
-1 10
-1 1
1 11
-1 23
1 3
1 31
1 17
1 24
-1 18
1 18
0 0
0 0
-1 2
0 0
-1 24
1 3
0 0
0 0
1 4
1 7
0 0
1 7
1 1
0 0
0 0
1 8
1 16
0 0
0 0
1 69
0 0
-1 -2
-1 20
1 30
1 22
0 0
1 25
1 47
-1 5
1 25
1 10
0 0
1 3
1 119
-1 6
-1 36
-1 32
1 15
0 0
1 38
0 0
1 1
1 49
1 12
0 0
-1 21
1 16
1 45
1 8
0 0
1 3
0 18
0 0
1 67
1 36
1 4
0 0
-1 2
1 15
1 2
-1 -1
1 10
-1 5
-1 17
0 0
1 11
1 20
1 2
1 20
1 8
1 24
1 1
1 7
-1 36
1 10
0 0
1 1
1 9
1 33
1 834
0 0
0 0
0 0
0 0
1 50
0 0
1 31
0 0
1 181
1 140
1 51
0 0
1 5
1 14
1 19
1 2
0 0
1 3
-1 5
1 19
0 0
0 0
-1 6
-1 -2
1 25
1 2
1 19
0 0
1 23
1 15
1 65
1 21
-1 -8
1 21
-1 17
0 0
1 14
1 30
1 10
1 4
1 7
1 4
1 4
0 0
1 21
1 12
0 0
1 3
0 0
0 0
1 2
0 0
1 35
0 0
1 74
1 98
-1 2
1 2
-1 22
1 20
1 111
0 0
1 100
-1 11
-1 16
0 0
1 33
-1 -2
1 59
-1 209
-1 47
1 14
0 0
0 0
-1 28
1 7
-1 2
-1 8
0 28
1 17
1 7
1 14
1 33
1 3
-1 30
0 0
-1 18
-1 59
1 5
1 10
1 68
1 7
-1 134
-1 8
0 0
-1 6
-1 2
1 35
-1 3
-1 11
-1 10
-1 8
0 0
-1 5
0 0
-1 2
1 40
1 2
1 4
0 0
-1 23
-1 8
1 58
0 0
1 5
1 5
1 24
0 0
0 0
1 3
0 0
1 17
0 0
0 0
1 11
-1 2
-1 6
1 4
-1 115
1 15
1 7
0 0
0 0
0 0
1 10
-1 7
0 0
1 3
0 0
0 0
-1 38
-1 22
-1 14
-1 11
0 0
0 0
1 3
0 0
0 0
-1 11
0 0
0 0
-1 12
1 14
1 32
0 0
1 38
0 0
0 0
1 14
0 0
0 0
0 0
-1 183
-1 72
1 10
0 0
1 63
1 17
-1 -9
1 3
1 9
-1 37
1 110
1 26
0 0
1 4
0 0
1 90
1 40
-1 -9
-1 -6
1 1
0 0
-1 13
0 0
-1 100
0 0
0 0
-1 6
1 67
1 10
-1 0
-1 15
1 30
1 32
1 4
1 4
0 0
1 4
0 0
1 54
-1 18
-1 8
-1 131
1 50
1 2
0 0
1 71
0 0
0 0
1 5
0 0
1 29
0 0
1 10
-1 10
-1 22
1 12
1 32
1 34
0 0
0 0
0 0
1 26
1 33
1 33
1 20
1 79
1 22
1 27
1 15
-1 19
1 5
-1 60
0 0
1 6
0 0
0 0
-1 25
-1 11
-1 22
0 0
1 14
-1 13
-1 19
-1 7
-1 96
1 6
1 92
1 13
-1 14
1 15
1 109
1 22
-1 22
1 4
0 0
-1 1
-1 12
1 4
1 2
-1 19
1 4
0 0
-1 22
0 0
0 0
1 4
1 24
1 120
1 16
-1 25
-1 6
-1 50
1 3
0 0
1 39
0 0
1 15
1 50
1 27
-1 39
-1 6
0 0
0 0
0 0
-1 26
-1 52
-1 53
0 0
-1 5
0 0
0 0
1 17
-1 -1
-1 -8
-1 3
-1 107
-1 60
1 28
1 9
-1 2
-1 -3
-1 -13
1 22
1 22
1 7
1 24
0 0
1 3
-1 31
1 30
0 0
0 0
0 0
1 6
1 28
-1 17
-1 12
1 74
0 0
0 0
0 0
1 49
0 0
0 0
1 6
1 4
0 0
0 0
-1 -4
0 0
-1 60
0 0
-1 7
1 13
1 5
0 0
0 0
1 4
0 0
1 19
1 27
1 13
-1 11
1 28
0 0
0 0
1 5
1 16
1 22
0 0
1 83
1 19
-1 5
0 0
0 0
1 5
0 0
-1 39
-1 24
1 2
1 37
1 31
-1 5
-1 7
-1 25
1 15
1 4
1 8
1 2
0 0
-1 7
1 26
0 0
0 0
0 0
0 0
1 8
-1 5
0 0
-1 6
1 109
1 4
0 0
0 12
1 20
0 0
1 2
1 359
-1 9
1 3
-1 8
1 5
1 32
-1 3
-1 8
1 1
1 124
-1 35
0 0
0 0
-1 15
1 35
-1 21
1 3
1 59
1 10
0 0
1 101
0 0
1 5
1 10
1 6
-1 22
-1 31
1 11
0 0
0 0
0 0
0 0
1 5
0 0
1 12
-1 45
1 22
0 0
1 38
1 15
1 31
0 0
-1 13
0 0
1 13
0 0
1 23
-1 9
-1 18
1 43
0 0
0 0
-1 8
1 19
-1 31
1 29
1 1
1 14
-1 3
-1 7
1 33
-1 11
1 17
-1 3
1 2
0 0
1 10
-1 68
1 135
1 46
1 85
0 0
1 31
0 0
0 0
1 23
0 0
0 0
1 2
1 24
-1 19
-1 3
-1 1
0 0
0 0
0 0
-1 13
1 17
-1 138
1 8
0 0
-1 69
-1 23
-1 11
-1 52
0 0
-1 7
1 26
0 0
0 0
1 41
1 4
0 0
1 12
1 25
0 0
1 9
1 24
0 0
0 0
-1 127
-1 34
-1 28
-1 13
0 0
1 49
-1 25
-1 -1
1 13
0 0
0 0
-1 131
-1 17
-1 5
0 0
0 0
1 31
1 2
1 292
-1 23
1 15
1 35
-1 2
-1 7
1 97
0 0
1 93
0 0
-1 15
1 21
1 17
0 0
0 0
0 0
-1 2
1 54
-1 2
-1 69
-1 13
1 58
1 72
1 11
1 5
1 9
1 139
0 0
-1 45
0 0
0 0
1 11
-1 11
0 0
1 11
1 23
1 7
0 0
0 0
1 17
0 0
-1 80
1 29
1 14
-1 11
-1 52
1 5
-1 11
-1 27
-1 8
-1 13
1 73
-1 56
1 27
0 0
0 0
-1 13
1 14
1 14
1 12
1 10
-1 11
1 140
-1 140
1 7
1 11
1 82
-1 -15
1 3
1 18
0 0
0 0
0 0
-1 3
-1 11
0 0
0 0
-1 16
-1 10
1 55
-1 15
0 0
1 18
1 13
0 0
-1 9
1 23
-1 28
-1 8
1 8
0 0
1 22
1 12
1 11
-1 6
1 14
0 0
0 0
0 0
1 19
-1 7
1 8
1 5
1 5
1 14
1 127
0 0
-1 9
1 3
-1 21
-1 54
1 13
1 7
0 0
0 0
1 41
1 9
1 4
1 49
-1 10
-1 -2
1 29
0 0
1 157
1 3
1 21
0 0
1 8
-1 11
-1 2
1 55
0 0
1 12
1 8
0 0
1 17
1 25
0 0
0 0
1 48
-1 9
0 0
1 8
-1 2
-1 2
0 0
1 135
0 0
1 22
1 8
1 15
0 0
1 11
1 7
0 0
1 8
-1 13
1 7
-1 15
0 0
-1 19
-1 99
0 0
1 16
-1 1
-1 82
1 3
-1 31
1 6
1 7
1 51
-1 4
-1 16
-1 7
0 0
1 38
-1 9
-1 25
1 4
1 5
-1 2
0 0
-1 8
-1 22
0 0
0 0
0 0
1 71
-1 3
1 66
-1 38
-1 8
1 14
1 5
1 43
-1 -1
1 12
-1 25
1 21
0 0
1 40
-1 13
-1 26
1 8
1 11
-1 9
1 4
-1 5
-1 14
-1 27
1 14
1 19
0 0
0 0
1 7
0 0
-1 21
-1 24
1 16
1 1
-1 23
1 53
1 10
1 26
-1 3
1 24
-1 14
-1 7
0 0
-1 10
-1 8
1 10
0 0
1 18
0 0
0 28
1 67
-1 17
0 0
1 63
1 118
0 0
0 0
-1 14
-1 9
1 75
1 6
1 24
1 4
1 37
-1 3
-1 7
-1 4
1 50
1 22
1 15
1 53
1 4
0 0
1 60
-1 8
1 9
-1 23
1 17
-1 9
1 8
0 0
-1 20
-1 69
-1 11
1 6
-1 19
1 67
0 0
1 2
0 0
0 0
1 12
0 0
1 4
1 10
1 3
-1 68
0 0
1 85
-1 54
-1 112
-1 19
-1 8
1 41
-1 13
1 26
-1 35
-1 11
1 8
0 0
1 19
1 2
0 0
1 15
1 16
1 9
1 2
-1 6
1 48
1 55
1 33
1 22
0 0
-1 132
-1 8
-1 -9
-1 19
1 7
1 15
1 60
-1 21
0 0
1 15
0 0
1 5
1 47
1 9
0 0
1 14
-1 22
-1 6
0 0
-1 8
1 4
0 0
1 23
0 0
1 10
1 24
1 6
1 46
0 0
-1 8
-1 59
-1 11
1 1
0 0
1 12
-1 -6
1 3
-1 45
1 3
0 0
1 4
0 0
-1 -4
-1 8
1 4
-1 9
-1 14
-1 13
-1 6
1 15
1 9
0 0
0 0
0 0
0 0
1 45
0 0
1 18
1 21
0 0
-1 27
1 8
1 24
-1 9
-1 5
0 0
1 32
1 9
0 0
1 155
-1 73
0 0
1 34
1 20
0 0
1 5
0 0
0 0
-1 18
0 0
0 0
-1 38
1 30
-1 3
0 0
0 36
-1 2
1 19
-1 16
1 13
1 53
-1 176
-1 6
1 18
1 15
-1 7
-1 3
1 120
1 18
0 0
0 0
0 0
1 22
-1 44
0 0
-1 12
1 12
-1 17
1 2
0 0
-1 6
0 0
-1 7
1 18
1 5
1 16
-1 21
0 0
1 12
-1 7
1 12
0 0
1 3
0 0
1 4
1 11
0 0
0 0
-1 5
1 42
0 0
1 33
-1 11
-1 -3
-1 30
-1 23
-1 17
-1 5
0 0
0 0
1 17
-1 93
0 0
0 0
1 8
1 155
0 0
0 0
-1 24
0 0
0 0
-1 9
1 121
0 0
-1 22
1 9
0 0
0 0
1 23
1 16
-1 9
1 6
-1 9
-1 24
0 0
0 0
0 0
1 9
-1 33
0 0
-1 2
-1 8
-1 2
0 0
1 3
1 24
0 0
1 19
1 3
-1 51
1 1
0 0
0 0
1 92
-1 5
1 24
1 3
-1 2
1 5
0 0
0 0
1 47
1 3
-1 34
-1 2
-1 70
1 9
1 13
0 0
-1 18
1 25
0 0
0 0
0 0
1 17
0 0
1 50
1 45
-1 12
-1 88
0 0
0 0
0 0
-1 14
0 0
1 15
-1 39
1 6
0 0
0 0
1 13
1 19
-1 3
-1 28
-1 8
0 0
0 0
0 0
-1 197
-1 27
-1 84
1 82
1 30
1 27
1 11
1 49
1 30
1 34
1 37
-1 31
1 14
0 0
0 0
-1 6
1 4
1 93
0 0
-1 62
0 0
1 4
-1 11
1 67
1 2
1 12
-1 12
1 2
1 38
-1 1
-1 26
-1 7
-1 6
-1 22
1 12
-1 85
1 4
-1 3
-1 21
-1 18
0 14
-1 60
0 0
1 61
1 24
0 30
1 24
-1 10
0 0
1 3
-1 7
1 3
-1 91
1 2
1 12
-1 43
1 18
1 4
1 38
1 5
1 64
0 0
-1 51
1 24
1 2
0 0
1 15
1 17
1 2
0 0
1 8
1 13
1 17
1 3
0 0
1 109
1 15
0 0
0 0
1 127
1 2
1 45
0 0
-1 16
-1 14
-1 -1
0 0
1 2
-1 27
-1 19
1 7
-1 10
-1 6
-1 3
0 0
0 0
-1 50
-1 3
0 77
0 0
-1 23
-1 1
-1 -1
-1 8
0 0
-1 103
-1 10
1 3
0 0
0 0
1 4
-1 6
1 46
0 0
-1 12
-1 21
-1 9
1 3
0 0
0 0
0 0
-1 7
0 0
-1 11
-1 20
1 26
0 0
-1 73
-1 -1
-1 -1
0 0
1 5
1 8
-1 34
0 0
-1 6
1 22
-1 5
1 1
1 11
0 14
0 0
-1 6
1 6
0 0
0 0
0 0
1 18
1 1
1 58
0 0
0 0
1 25
0 0
-1 9
1 31
0 0
0 0
1 5
0 0
1 12
0 0
-1 -1
1 3
-1 16
1 131
1 18
1 31
0 0
1 33
1 75
1 10
-1 17
0 0
1 7
0 0
1 14
-1 9
1 7
1 6
1 6
1 11
1 46
0 0
-1 21
1 2
0 0
0 0
1 4
1 32
0 0
1 24
1 5
0 0
1 5
1 26
1 14
0 0
1 6
0 0
1 3
1 28
1 2
0 0
-1 -3
1 58
1 19
0 0
1 9
-1 8
-1 73
-1 24
-1 3
0 0
-1 -3
0 0
-1 5
1 4
0 0
-1 -1
1 40
1 4
1 20
-1 25
0 0
0 0
0 0
1 13
0 0
0 0
0 0
1 23
0 0
1 13
-1 19
0 0
1 14
-1 15
-1 1
1 4
-1 -6
1 19
1 9
-1 7
0 0
1 9
0 0
1 3
-1 -14
1 10
1 22
0 0
0 0
1 36
-1 36
-1 19
1 3
0 0
1 92
0 0
1 3
0 0
0 0
0 0
-1 59
1 0
0 0
1 76
1 3
0 0
1 76
1 3
0 0
1 2
0 0
1 9
0 0
0 0
0 0
0 0
-1 22
0 0
0 48
0 0
1 23
0 0
-1 29
1 1
0 0
-1 8
1 43
1 62
0 0
-1 1
1 33
0 0
1 21
1 2
-1 18
-1 19
-1 24
0 0
1 4
1 11
1 6
1 11
-1 17
1 1
0 0
0 0
-1 31
-1 33
1 162
1 25
-1 13
-1 7
0 0
1 9
1 12
0 0
0 0
-1 41
1 87
1 22
1 15
1 184
1 1
-1 15
1 9
-1 15
1 16
0 0
-1 25
-1 17
-1 40
1 21
1 53
0 0
0 0
-1 8
1 29
-1 26
0 0
-1 2
0 0
-1 3
-1 1
1 43
-1 2
-1 2
-1 32
-1 2
0 0
-1 6
1 19
1 8
1 107
-1 15
0 0
1 31
-1 5
-1 7
0 0
-1 -28
-1 11
-1 23
-1 16
0 0
1 8
1 18
1 5
-1 69
-1 72
0 0
-1 -119
-1 17
-1 35
-1 6
-1 9
-1 2
-1 16
-1 4
1 7
0 0
0 0
0 0
0 0
1 10
-1 17
-1 -4
1 24
1 3
-1 276
1 33
1 151
1 41
1 3
1 24
0 0
-1 7
0 0
1 52
1 8
1 39
1 8
-1 32
1 95
1 58
1 83
1 2
1 49
0 0
-1 4
0 0
-1 5
0 0
1 9
1 14
0 0
0 0
0 0
-1 4
0 0
1 6
1 2
1 29
-1 -5
0 0
1 11
1 20
0 0
0 0
-1 6
1 59
1 5
-1 21
0 0
1 11
-1 7
0 0
0 0
-1 14
1 10
1 12
1 27
0 0
1 22
0 0
0 0
1 15
1 3
-1 8
1 8
1 1
-1 14
1 84
0 0
-1 29
0 0
-1 19
0 0
1 8
0 0
1 6
1 5
-1 71
1 10
1 2
0 0
1 21
0 0
1 2
0 0
0 0
0 0
1 39
1 3
1 8
1 15
0 0
0 0
1 7
1 13
1 24
1 1
0 0
1 126
1 66
1 4
0 0
0 0
1 51
0 0
-1 3
-1 23
-1 15
-1 -2
-1 8
0 0
0 0
0 0
1 2
1 51
-1 6
-1 6
-1 7
-1 6
-1 7
-1 6
-1 14
-1 14
-1 6
-1 15
0 0
0 0
1 5
1 5
-1 78
0 0
1 465
1 125
-1 22
-1 1
-1 57
-1 35
-1 17
0 0
-1 155
0 0
-1 17
0 0
-1 48
1 8
0 0
1 18
1 51
1 19
-1 3
1 30
1 8
0 0
1 17
1 32
-1 13
0 0
1 9
-1 78
1 85
1 1
1 31
-1 35
1 33
1 5
-1 -2
1 69
-1 63
-1 8
-1 15
1 9
0 0
1 7
1 11
0 0
1 4
1 16
-1 82
-1 17
1 13
0 0
-1 17
0 0
0 0
1 10
-1 7
0 0
-1 7
0 0
-1 54
1 12
1 16
0 0
1 35
0 0
1 43
-1 -1
1 4
-1 10
-1 11
-1 1
0 0
-1 7
-1 6
-1 33
1 17
-1 20
1 3
-1 23
1 3
-1 13
-1 5
-1 -11
-1 16
1 10
1 26
0 0
1 3
1 10
-1 -2
1 3
-1 18
0 0
0 0
1 2
0 0
0 0
0 0
-1 6
0 0
1 35
-1 5
-1 4
1 21
-1 10
1 21
-1 19
1 3
-1 14
0 0
1 24
1 56
-1 4
1 11
-1 10
1 5
-1 50
1 12
1 72
1 6
-1 40
-1 12
0 0
-1 29
-1 -6
-1 11
-1 6
-1 22
-1 7
1 37
1 2
-1 18
1 10
0 0
-1 10
-1 5
0 0
1 33
-1 32
1 106
0 0
1 61
-1 11
-1 21
1 60
1 7
0 0
1 266
1 1
0 0
0 0
0 0
0 0
1 4
0 0
-1 59
-1 8
-1 15
0 0
1 9
-1 11
1 13
-1 28
0 0
-1 70
1 1
0 0
1 19
1 5
1 10
-1 16
0 0
1 11
0 0
-1 2
0 0
0 0
-1 26
1 25
1 18
-1 65
0 0
-1 19
-1 7
1 31
1 16
0 0
1 12
1 3
1 13
0 0
0 0
1 11
-1 7
0 0
0 68
0 0
1 41
0 0
0 0
1 33
1 21
1 23
1 6
-1 7
1 18
1 3
0 0
-1 5
0 0
0 0
1 15
0 0
0 0
1 31
0 0
1 14
-1 3
-1 17
1 13
0 0
1 14
0 0
0 0
1 50
0 0
-1 8
1 5
1 2
1 2
1 8
1 12
0 0
1 5
1 40
0 0
1 20
-1 10
0 0
1 86
0 0
1 9
1 22
1 11
0 0
-1 5
0 0
0 0
1 10
1 50
0 0
1 3
0 0
1 7
1 15
1 8
-1 7
-1 6
1 7
1 7
0 0
1 21
1 35
-1 11
0 0
-1 15
0 0
-1 18
0 0
-1 4
1 22
1 4
-1 12
1 13
0 0
1 8
0 0
-1 4
1 18
1 44
1 2
0 0
-1 5
1 32
0 0
0 0
-1 5
-1 1
-1 43
0 0
0 0
-1 7
0 0
1 15
-1 7
1 12
1 11
1 2
1 17
0 0
0 0
1 6
-1 21
0 0
-1 4
0 0
1 13
-1 44
1 27
1 54
1 24
-1 20
0 0
1 8
-1 19
-1 11
1 4
0 0
1 29
0 0
-1 5
1 19
1 22
1 6
0 0
1 79
-1 14
0 0
1 11
0 0
-1 47
-1 5
1 15
1 10
-1 4
0 0
0 0
-1 21
1 7
1 50
-1 63
1 7
1 18
-1 15
0 0
1 7
1 26
-1 10
0 0
-1 19
-1 3
-1 23
1 5
1 11
1 16
1 46
1 12
-1 46
0 0
1 20
1 28
1 43
1 23
1 51
0 0
1 6
1 38
1 88
-1 12
0 0
1 76
-1 18
0 0
-1 10
1 15
-1 19
1 3
1 3
1 6
1 2
1 3
1 8
1 144
1 7
-1 46
1 10
-1 -1
1 6
1 3
1 2
1 9
1 6
1 10
-1 14
1 8
1 67
1 98
0 0
1 40
0 0
0 0
1 6
-1 33
1 11
1 212
1 91
-1 52
0 0
1 24
0 0
-1 11
0 0
1 13
-1 11
1 14
1 21
-1 26
-1 50
-1 16
0 0
1 4
0 0
-1 23
-1 14
0 0
0 0
0 0
0 0
-1 108
0 0
1 36
-1 100
1 32
0 0
1 2
1 33
1 8
1 3
0 0
0 0
0 0
-1 -8
0 0
1 3
0 0
1 31
-1 12
0 0
-1 35
-1 28
0 0
1 15
0 0
0 0
1 4
0 0
0 0
-1 34
0 0
1 47
-1 21
1 46
1 8
1 15
1 83
0 0
1 15
0 0
0 0
-1 12
0 0
1 12
1 37
-1 52
0 0
1 35
0 47
1 25
1 8
1 16
1 4
-1 94
0 0
1 36
-1 364
1 4
0 0
-1 42
-1 -1
1 19
1 27
0 0
-1 48
1 11
1 37
-1 7
1 1
0 0
0 0
1 4
1 117
1 50
0 0
1 38
-1 9
-1 13
1 12
0 0
0 0
1 65
0 0
0 0
1 34
1 76
0 0
0 0
0 0
1 12
0 0
0 0
-1 -1
0 0
1 8
1 43
0 0
1 4
0 0
0 0
1 16
1 5
-1 30
0 0
1 19
1 29
1 8
1 3
0 0
0 0
0 0
1 23
0 0
0 0
1 48
0 0
0 0
0 0
0 0
1 13
0 0
-1 8
0 0
1 59
0 0
1 18
-1 16
1 6
0 0
1 24
1 10
-1 21
1 4
-1 -5
-1 12
1 17
1 88
-1 51
0 0
1 17
-1 8
-1 -6
1 13
0 0
0 0
1 22
1 4
0 0
1 10
1 6
0 0
-1 25
1 79
1 29
0 0
-1 13
0 0
1 13
1 45
1 76
-1 43
-1 1
0 0
-1 21
1 16
-1 2
1 4
0 0
0 0
0 0
0 0
0 0
1 1
0 0
1 23
-1 -1
1 6
1 4
0 0
1 8
-1 12
-1 29
0 0
0 0
-1 17
0 0
0 0
1 7
-1 2
-1 19
0 0
1 37
-1 45
1 14
-1 17
-1 56
1 43
1 10
-1 8
1 7
0 0
0 0
1 33
0 0
1 3
1 22
0 0
-1 24
1 28
0 0
1 33
1 13
-1 9
1 1
1 31
0 0
0 0
1 38
-1 -2
0 0
-1 9
0 0
0 0
0 0
1 2
1 2
0 0
-1 8
1 8
1 3
-1 2
1 14
0 0
0 0
1 5
0 0
1 8
-1 41
1 6
0 0
1 6
-1 28
1 8
0 0
0 0
1 1
1 1
0 0
1 25
1 10
1 1
-1 11
-1 -4
0 0
0 0
1 18
1 11
1 3
1 2
0 0
0 0
0 0
0 0
-1 18
0 0
1 12
0 0
1 21
0 0
1 17
1 17
0 0
1 7
0 0
-1 4
1 2
-1 8
-1 10
-1 1
-1 20
0 0
0 0
0 0
1 4
0 0
1 35
1 6
1 12
0 0
1 34
1 31
0 0
1 47
1 36
1 79
1 13
-1 -1
-1 12
1 11
1 1
0 0
1 4
1 13
1 2
1 4
0 0
0 0
0 0
1 16
0 0
0 0
1 58
0 0
1 16
1 328
1 43
1 4
0 10
1 3
-1 18
-1 8
0 0
0 0
-1 21
0 0
1 16
1 16
1 29
0 0
-1 54
-1 1
-1 6
1 35
0 0
1 53
0 0
0 0
-1 3
-1 24
1 6
1 3
1 41
0 0
1 30
1 71
-1 6
1 11
0 0
1 19
0 0
1 75
1 3
0 0
0 0
1 1
-1 9
1 41
-1 11
1 14
0 0
1 5
-1 35
0 0
0 0
0 0
-1 12
1 33
0 0
1 4
-1 -2
0 0
0 0
1 18
0 0
1 5
0 0
1 37
-1 28
0 0
-1 23
0 0
0 0
1 10
0 0
1 9
1 14
-1 51
-1 1
0 0
1 4
1 5
1 3
1 5
1 67
1 16
1 6
1 161
-1 2
-1 23
-1 56
-1 2
0 0
-1 11
0 0
1 12
1 5
1 14
0 0
-1 -5
1 14
0 0
-1 27
-1 32
1 41
1 4
-1 11
1 11
1 2
1 15
1 8
-1 5
1 67
-1 2
-1 80
-1 67
1 42
1 175
0 0
1 26
1 24
0 0
0 0
1 9
1 2
0 0
0 0
0 0
0 0
0 0
0 0
0 0
-1 26
0 0
0 0
0 0
-1 74
1 31
1 18
0 0
1 5
1 11
-1 -3
0 0
1 4
1 93
1 54
-1 9
1 50
-1 1
0 0
-1 -3
0 0
1 3
1 7
1 4
1 17
-1 3
1 13
1 20
0 0
0 0
-1 4
-1 8
0 0
1 21
-1 16
0 0
1 6
0 0
0 0
1 19
1 3
1 17
0 0
-1 45
1 9
-1 2
0 0
1 10
1 2
-1 12
-1 -2
-1 18
0 0
0 0
0 0
1 12
0 0
-1 20
0 22
1 59
1 35
1 3
1 24
1 11
0 0
1 4
1 5
1 12
0 0
0 0
1 13
1 1
0 0
1 10
1 18
1 25
1 10
0 0
-1 16
-1 22
-1 5
1 4
1 107
1 108
-1 36
1 7
-1 9
-1 11
-1 29
1 5
1 3
-1 1
0 0
0 0
1 17
1 83
0 0
0 0
0 0
-1 1
1 34
-1 34
1 25
0 0
1 3
1 1
0 0
1 25
-1 11
-1 15
1 4
-1 9
-1 28
-1 5
1 47
0 0
0 0
1 25
-1 16
1 17
1 107
-1 6
-1 104
0 0
-1 -5
-1 9
0 0
1 71
-1 6
1 7
-1 25
0 0
0 0
-1 14
1 18
-1 4
-1 -6
1 28
1 31
0 40
1 62
1 308
-1 5
1 17
0 0
-1 1
-1 -6
0 0
1 29
-1 16
-1 2
1 46
1 76
1 12
1 26
1 18
1 90
-1 -4
0 0
1 49
1 6
1 5
0 0
0 0
-1 2
-1 11
-1 5
-1 -2
1 26
-1 4
1 7
0 0
0 0
1 20
1 1
-1 33
-1 21
1 9
1 9
0 0
1 23
1 15
1 36
-1 -4
-1 9
-1 -9
-1 10
1 33
0 0
1 36
1 3
-1 14
0 0
-1 16
0 20
0 0
1 16
1 2
-1 4
1 6
1 100
1 27
-1 2
1 1
0 0
1 89
-1 92
-1 131
-1 -4
-1 14
-1 15
0 25
1 62
-1 5
1 18
0 0
0 0
0 0
0 0
1 1
1 12
-1 6
1 37
0 0
-1 38
1 15
-1 7
1 309
1 2
0 0
0 0
0 0
1 24
1 25
1 12
0 0
-1 33
1 51
0 0
1 3
0 0
0 0
1 5
1 13
1 41
0 0
0 0
1 45
0 0
1 12
1 3
0 0
1 19
1 26
1 121
-1 2
1 86
-1 2
0 0
0 0
0 0
0 0
1 18
-1 72
-1 14
0 0
-1 44
0 0
1 21
-1 6
1 9
-1 -7
1 18
-1 11
1 95
-1 6
-1 16
-1 47
-1 1
1 9
1 13
0 0
0 0
-1 8
-1 25
-1 13
0 0
-1 8
-1 12
1 20
1 12
-1 24
1 70
-1 11
1 6
-1 7
1 6
0 0
1 3
0 21
1 34
1 124
0 0
1 21
-1 8
0 0
0 0
-1 14
-1 2
0 0
1 1
0 0
-1 11
0 0
1 29
-1 100
1 8
-1 1
1 12
1 8
0 0
0 0
1 20
1 1
-1 -23
1 23
-1 10
1 2
0 0
0 0
-1 41
0 0
-1 6
1 3
0 0
-1 18
-1 30
-1 10
-1 6
0 0
-1 2
0 0
1 35
1 4
1 25
1 28
-1 4
-1 18
0 0
0 0
0 0
1 25
0 0
1 6
1 4
1 38
1 32
-1 4
1 11
-1 77
-1 -1
-1 19
-1 18
1 37
1 24
1 30
1 5
-1 44
0 0
0 0
1 2
0 0
0 0
0 0
1 17
-1 11
0 0
0 0
0 0
-1 15
0 0
1 27
0 0
0 0
0 0
0 0
1 77
1 20
-1 11
0 0
1 13
1 45
-1 7
0 0
0 0
1 30
0 0
1 6
0 0
-1 -3
1 5
1 1
1 1
-1 39
-1 16
0 0
1 33
1 13
-1 -15
-1 8
-1 14
1 6
1 38
1 17
0 0
1 1
1 19
1 14
1 10
-1 1
1 7
0 0
0 0
-1 8
0 0
0 0
1 2
-1 5
1 5
-1 6
1 13
1 32
0 22
1 39
1 1
0 0
-1 28
0 0
0 0
0 0
-1 11
1 39
0 0
-1 70
1 30
1 76
-1 16
-1 71
0 0
-1 2
0 0
-1 27
1 24
-1 -1
0 0
-1 27
0 0
0 0
0 0
1 19
1 18
1 12
1 14
-1 4
1 1
0 0
-1 6
1 37
-1 13
-1 9
0 0
1 15
0 0
0 0
1 34
1 2
-1 73
1 50
0 0
1 15
0 0
0 0
1 52
0 0
0 0
1 9
1 18
1 6
-1 7
0 0
1 96
-1 2
1 11
0 0
1 40
-1 40
1 22
0 0
-1 17
1 22
1 9
-1 6
0 0
-1 3
-1 30
0 0
0 0
-1 -4
-1 58
-1 17
1 17
1 11
-1 14
-1 26
1 8
0 0
1 47
0 0
-1 17
-1 22
1 21
-1 62
0 0
1 30
-1 77
1 9
1 15
1 5
0 0
1 89
1 11
1 25
1 12
1 119
0 0
0 0
-1 3
0 0
0 0
-1 15
1 24
1 106
-1 -2
1 7
1 34
0 0
-1 34
-1 2
-1 6
-1 7
1 23
-1 9
1 74
0 0
0 0
0 0
0 0
1 28
0 0
1 91
-1 7
0 0
-1 7
1 145
-1 37
-1 -2
-1 32
1 5
1 73
0 0
1 27
-1 9
1 5
0 0
0 0
1 21
0 0
0 0
0 0
1 7
1 26
1 16
1 41
1 3
1 10
-1 8
1 11
-1 148
1 2
1 26
0 0
1 14
0 0
0 0
1 37
0 0
0 0
0 0
0 0
-1 9
0 0
-1 -1
1 80
0 0
1 54
1 57
-1 -6
1 9
1 11
1 27
1 13
-1 6
0 0
-1 22
-1 41
0 0
-1 4
1 4
-1 1
0 0
1 121
-1 28
1 18
1 12
0 0
1 48
1 79
1 16
1 8
-1 42
-1 99
1 39
-1 5
1 28
1 12
-1 92
0 0
0 0
1 33
0 0
0 0
0 0
0 0
0 0
0 0
0 0
-1 4
1 16
1 8
0 0
1 4
-1 3
1 21
1 8
1 3
1 32
-1 -4
1 19
-1 23
0 0
1 17
-1 3
1 5
1 15
0 0
1 6
0 0
0 0
0 0
-1 294
-1 -3
0 0
1 24
1 9
1 3
0 0
-1 7
1 13
1 28
-1 4
1 107
0 0
1 2
-1 11
1 10
0 0
1 7
1 20
-1 6
-1 33
0 0
1 1
-1 1
0 0
1 22
-1 19
1 2
-1 29
1 13
0 0
1 14
1 4
0 0
0 0
-1 14
1 1
0 0
1 4
1 5
1 3
0 0
0 0
0 0
0 0
1 7
0 0
-1 42
1 194
-1 16
-1 6
-1 6
1 3
1 7
0 0
1 5
0 0
1 19
1 3
1 7
1 11
0 0
0 0
1 13
-1 31
1 8
0 0
1 8
1 47
1 25
-1 100
1 9
-1 6
0 0
1 17
1 7
0 0
1 9
-1 5
0 0
1 57
1 60
1 16
1 23
1 4
0 0
0 0
1 22
1 40
1 3
0 0
0 0
1 28
1 43
0 0
1 7
0 12
0 0
1 3
-1 2
-1 9
-1 11
-1 8
1 2
-1 -2
1 12
-1 3
1 12
0 0
0 0
0 0
0 0
-1 21
0 0
0 0
1 15
1 17
-1 18
0 0
1 34
