1 408
1 560
0 0
1 64
0 0
1 191
1 96
1 93
1 479
-1 112
1 16
1 33
-1 14
1 33
1 112
0 0
1 4
-1 212
0 0
0 0
-1 60
1 108
-1 262
-1 92
0 0
1 1
0 0
1 1
0 0
0 0
0 0
0 0
1 15
-1 8
1 13
1 48
1 9
1 2
-1 1
0 0
1 21
-1 3
0 0
1 41
0 0
1 5
0 0
-1 11
-1 10
1 83
1 58
1 241
0 0
-1 11
-1 18
1 2
1 50
0 0
-1 2
1 47
1 202
0 0
1 52
0 0
0 0
0 0
1 16
1 84
1 224
1 16
1 31
0 0
0 0
1 204
1 214
0 0
1 348
1 19
0 0
0 0
1 10
1 165
-1 36
0 0
1 12
-1 19
1 389
1 359
1 60
0 0
0 0
-1 25
-1 97
0 0
1 19
1 3
1 107
1 28
1 1
1 166
0 0
0 0
0 0
1 54
0 0
-1 147
1 15
1 7
1 13
0 0
1 10
1 5
1 2
1 184
1 5
1 6
1 219
0 0
1 76
-1 1
1 30
1 15
1 2
1 25
1 19
1 242
0 0
1 19
1 76
0 0
-1 444
1 136
1 17
1 50
1 47
0 0
1 7
1 20
0 0
-1 58
0 0
1 9
-1 2
1 37
1 263
1 3
0 0
1 147
-1 11
1 384
1 13
1 257
-1 29
1 173
1 1
1 70
0 0
1 37
0 0
1 17
0 0
1 143
-1 49
-1 41
1 66
1 22
1 14
1 98
1 16
-1 5
0 0
-1 46
1 316
1 23
0 0
1 27
1 4
1 49
1 28
1 219
1 899
-1 -18
0 0
1 32
1 19
1 29
1 35
0 0
-1 126
1 151
-1 0
-1 48
1 176
0 0
-1 -84
-1 25
1 610
1 180
0 0
0 0
1 2
-1 43
1 6
1 10
1 1
0 0
-1 14
0 0
0 0
0 0
1 22
1 3
1 325
1 291
0 0
1 42
0 0
1 140
1 37
1 12
0 0
1 3
-1 53
1 175
1 319
-1 13
1 15
-1 12
1 275
-1 3
-1 10
0 0
-1 338
0 0
1 35
0 0
-1 35
0 0
1 4
0 0
0 0
0 0
1 3
1 4
1 5
1 3
-1 1
-1 6
1 296
1 110
1 22
-1 7
1 177
0 0
-1 17
0 0
0 0
1 32
1 44
-1 25
1 13
1 35
0 0
1 1
1 31
0 0
-1 13
1 30
1 105
-1 26
1 536
1 39
1 5
1 15
1 15
1 77
1 13
1 1
1 105
1 182
-1 8
0 0
1 70
1 3
1 8
1 581
1 31
1 49
-1 3
1 21
0 0
1 99
0 0
0 0
1 104
0 0
0 0
-1 15
0 0
1 77
1 169
1 411
0 0
0 0
-1 -88
1 247
1 31
-1 -2
1 2
1 306
1 21
1 71
0 0
-1 197
1 49
0 0
-1 31
1 38
-1 1
0 0
-1 -51
-1 10
-1 10
1 80
1 95
1 404
-1 246
-1 149
-1 16
0 0
1 27
1 215
1 8
0 0
1 27
1 3
1 21
1 30
-1 -2
1 238
0 0
0 0
1 9
1 55
1 23
1 31
1 229
1 347
1 21
1 63
1 315
0 0
1 41
1 4
1 5
1 4
1 143
1 5
1 55
0 0
1 172
1 55
1 153
1 7
1 102
1 211
1 34
1 1
1 18
1 4
1 3
1 4
-1 259
-1 2
1 8
1 55
1 13
1 118
1 49
-1 -9
-1 98
1 48
1 89
1 13
1 28
1 15
0 0
-1 20
1 9
1 9
1 8
1 80
1 79
1 7
-1 72
-1 81
1 203
1 138
1 25
0 0
1 14
1 125
1 198
1 51
1 77
1 16
-1 42
1 8
1 26
1 10
1 258
1 97
-1 27
-1 31
0 0
-1 4
-1 66
0 0
-1 43
1 399
-1 10
1 54
0 0
0 0
0 0
-1 360
0 0
1 7
-1 168
1 424
0 0
1 27
0 0
1 24
0 0
1 33
1 50
0 0
-1 146
-1 1
1 62
0 0
0 0
0 0
0 0
1 98
0 0
0 0
1 6
0 0
-1 7
0 0
1 43
1 10
-1 4
0 0
1 39
1 98
1 189
1 90
0 0
1 12
-1 15
1 48
0 0
-1 3
1 2
1 16
0 0
-1 -10
1 12
0 0
-1 140
-1 223
-1 40
-1 32
1 5
0 0
1 27
0 0
1 7
0 0
0 0
1 3
-1 1
0 0
-1 3
1 4
0 0
1 130
0 0
0 0
0 0
0 0
-1 12
0 0
-1 111
-1 -2
0 0
1 53
-1 25
0 0
0 0
0 0
0 0
1 8
1 4
0 0
-1 7
-1 46
1 29
1 10
-1 24
-1 1
1 9
-1 46
1 46
1 81
-1 1
1 7
1 23
-1 14
-1 1
0 0
1 22
0 0
1 103
0 0
1 50
0 0
1 60
0 0
0 0
1 24
0 0
0 0
1 26
0 0
0 0
1 38
-1 -4
0 0
0 0
1 304
-1 2
0 0
1 3
1 71
0 0
0 0
1 3
1 9
1 171
-1 128
1 10
1 16
0 0
-1 81
1 12
1 19
-1 63
0 0
0 0
1 291
0 0
1 3
1 214
1 16
-1 -43
-1 80
0 0
1 32
0 0
1 52
1 43
1 166
-1 16
-1 10
0 0
1 2
1 370
1 113
-1 -1
1 57
1 7
1 29
-1 152
-1 3
1 164
0 0
1 2
1 6
0 0
0 0
-1 133
0 0
0 0
1 18
-1 -3
0 0
-1 82
1 17
1 195
-1 182
1 89
0 0
1 1
0 0
1 109
1 39
0 0
1 19
1 2
1 1
-1 29
1 154
1 22
1 33
-1 74
1 9
1 226
1 5
1 93
0 0
0 0
0 0
1 4
1 3
1 26
-1 439
1 15
-1 2
-1 7
1 1
1 5
1 248
-1 11
1 5
-1 1
1 5
0 0
0 0
0 0
0 0
0 0
1 26
1 1
0 0
0 0
1 243
1 5
0 0
-1 13
1 4
0 0
1 49
0 0
-1 27
0 0
1 4
0 0
1 29
1 15
1 31
1 354
1 25
0 0
1 19
1 14
-1 7
1 75
1 193
0 0
-1 4
0 0
1 59
-1 44
-1 168
1 8
0 0
0 0
1 159
1 11
1 51
-1 2
-1 -1
0 0
1 9
1 101
1 60
1 213
0 0
0 0
1 7
1 26
-1 24
0 0
0 0
0 0
1 30
0 0
-1 9
1 50
0 0
1 127
1 32
1 50
0 14
1 393
-1 11
0 0
0 0
1 231
1 208
1 68
1 37
1 266
-1 4
0 0
0 0
1 53
-1 -14
1 9
0 0
1 11
1 42
1 129
1 83
-1 123
1 2
0 0
0 0
1 71
-1 1
1 11
0 0
1 22
-1 20
1 197
0 0
1 53
1 19
1 197
1 26
0 0
0 0
1 9
1 9
0 0
1 8
0 0
-1 22
-1 -3
1 42
-1 106
0 0
1 14
0 0
-1 14
1 26
1 4
1 4
0 0
1 47
-1 6
0 0
1 3
1 7
1 456
0 0
1 4
-1 2
1 2
1 67
1 10
1 180
0 0
1 2
0 0
1 9
1 321
1 3
1 63
-1 3
1 40
1 25
1 2
1 4
1 10
0 0
-1 66
0 0
1 84
0 0
1 12
1 35
1 3
0 0
1 96
1 19
1 674
1 28
0 0
0 0
0 0
1 94
1 48
-1 11
0 0
0 0
1 26
-1 165
1 187
1 80
-1 27
1 3
1 7
0 0
-1 71
0 0
0 0
0 0
1 17
1 103
0 0
1 4
0 0
1 115
0 0
1 11
0 0
-1 21
1 130
0 0
1 14
-1 17
1 92
1 2
1 10
1 72
1 52
1 14
1 19
0 0
1 9
0 0
1 34
1 6
1 150
-1 1
0 0
1 4
1 20
1 400
1 26
-1 6
1 37
1 8
1 4
1 7
1 23
1 39
1 3
1 1
1 1
1 32
1 6
1 22
-1 6
1 14
0 0
0 25
1 76
1 10
0 0
1 89
1 22
-1 5
-1 104
1 122
-1 53
0 0
0 0
-1 12
1 4
1 27
1 2
1 1
0 0
1 1
0 0
0 0
1 1
1 42
1 15
-1 8
0 0
1 382
-1 8
1 10
-1 43
-1 7
1 10
1 36
-1 39
1 1
-1 65
0 0
1 174
1 5
-1 3
1 32
0 0
1 104
1 84
1 71
0 0
1 5
0 0
1 384
1 190
1 127
1 29
1 193
-1 7
1 7
0 0
1 132
1 8
1 8
1 657
1 6
-1 23
1 109
1 2
1 150
1 3
1 161
1 55
1 33
1 605
0 0
0 0
0 0
1 112
1 146
1 83
-1 12
1 5
1 23
1 105
1 65
1 9
1 25
0 0
1 402
1 21
1 3
1 58
1 14
1 43
-1 12
1 9
0 0
1 26
0 0
-1 6
1 9
0 0
0 0
0 0
-1 5
1 38
1 123
1 2
1 133
1 10
1 181
0 0
1 170
1 19
1 6
1 474
1 122
-1 2
-1 24
-1 1
1 6
0 0
0 0
-1 -4
0 0
1 81
-1 32
1 54
0 0
1 39
1 86
1 6
1 8
1 9
1 12
1 13
0 0
1 12
1 58
0 0
1 13
1 42
-1 31
-1 21
1 418
1 59
1 147
-1 6
-1 10
1 19
1 28
0 0
-1 3
1 182
1 341
1 77
-1 265
1 225
1 661
1 47
0 0
-1 18
1 486
0 0
1 15
-1 53
0 0
0 0
0 0
0 0
1 3
0 0
1 15
-1 27
1 15
0 0
0 0
0 0
0 0
1 2
1 66
1 15
1 4
1 68
1 300
1 145
1 3
1 11
1 22
1 89
0 0
1 1
1 118
1 81
1 2
1 4
0 0
1 3
1 19
1 5
1 286
1 38
1 23
1 6
-1 -5
1 1
-1 58
1 36
1 4
1 362
1 7
1 7
1 29
1 8
1 384
1 113
1 118
-1 539
0 0
1 61
1 1052
1 400
1 71
0 0
1 535
1 253
1 67
1 14
0 0
1 179
-1 46
-1 2
1 63
-1 16
1 4
1 389
1 89
1 1
-1 21
1 2
0 0
1 19
1 2
1 4
-1 667
1 252
1 66
-1 362
0 0
1 20
1 44
1 97
1 18
1 372
1 27
0 0
1 22
1 151
-1 161
1 606
-1 3
1 10
-1 7
1 286
-1 -47
1 6
1 95
1 177
-1 12
1 103
0 0
0 0
0 0
0 0
1 181
0 0
1 93
1 21
-1 5
1 5
1 188
1 44
1 3
-1 37
-1 1
1 1
1 62
1 68
1 62
0 0
1 12
1 12
1 80
1 384
1 55
1 8
-1 15
1 47
1 509
0 0
1 24
1 2
1 11
1 198
1 38
1 11
1 101
-1 7
1 16
1 7
1 59
1 6
1 61
1 7
-1 23
1 3
1 2
1 33
0 0
1 9
1 24
0 0
0 0
1 49
1 40
1 132
-1 -2
1 39
1 4
1 3
1 17
1 288
1 671
1 34
1 236
0 0
-1 35
0 0
-1 1
-1 8
-1 2
-1 98
0 0
0 0
1 22
0 0
1 2
1 2
1 3
1 25
1 18
0 0
0 0
1 147
1 7
0 0
-1 2
1 57
-1 2
-1 262
1 7
1 110
0 0
-1 4
0 0
0 0
1 4
1 2
1 153
0 0
-1 28
0 0
1 301
0 0
1 41
1 81
1 2
1 29
1 16
-1 156
1 5
1 1
1 76
1 298
1 25
1 17
1 23
1 51
1 30
0 0
-1 10
-1 54
0 0
1 21
0 0
1 97
-1 -6
0 0
1 53
1 17
-1 4
1 14
1 358
1 1
1 143
1 1
1 13
0 0
1 57
1 9
1 6
-1 145
1 4
1 31
-1 -2
1 6
1 26
0 0
1 4
0 0
1 4
1 25
1 2
0 0
0 0
1 295
1 14
1 120
1 19
1 32
1 8
1 200
-1 8
1 59
1 7
1 27
-1 56
1 35
1 180
-1 4
0 0
1 22
1 296
1 9
-1 273
1 33
1 505
1 164
1 9
-1 56
1 183
1 261
1 200
1 94
1 18
0 0
1 107
1 7
1 93
1 10
0 0
1 21
1 50
1 27
0 0
0 0
1 162
1 13
-1 314
-1 233
0 0
0 0
-1 480
1 11
1 14
1 2
0 0
1 6
0 0
-1 220
0 0
1 69
1 4
1 5
1 84
1 28
0 0
-1 -1
1 4
1 4
1 273
1 7
1 55
1 47
1 9
1 103
1 101
-1 2
0 0
-1 5
1 8
1 2
1 10
1 6
-1 10
1 408
1 55
-1 4
1 59
0 0
1 4
1 28
1 48
-1 7
0 0
1 71
-1 14
1 10
1 13
1 244
1 14
1 7
0 0
1 12
1 35
0 0
0 0
1 24
1 25
1 104
1 10
1 43
0 10
0 0
1 18
0 0
1 15
1 119
1 147
-1 0
1 5
1 23
-1 56
1 103
0 0
-1 21
-1 -4
1 3
1 60
0 0
1 4
1 6
1 6
1 35
1 150
1 461
-1 -17
1 176
1 264
0 0
0 0
1 12
1 16
0 0
-1 15
1 3
1 290
0 0
0 0
1 13
1 22
1 23
1 76
1 129
0 0
0 0
1 7
-1 124
1 12
1 67
1 200
0 0
1 5
1 23
1 67
1 29
-1 2
1 1
1 3
1 37
1 53
1 15
-1 8
0 0
1 8
1 77
1 18
1 10
0 0
1 39
1 1
-1 194
1 5
1 221
0 0
0 0
1 322
-1 14
1 23
1 543
-1 14
1 10
1 64
1 10
1 18
-1 11
-1 444
-1 3
1 3
1 117
0 0
1 26
1 103
1 10
1 11
1 2
1 235
1 186
1 393
1 7
1 29
1 232
0 0
1 24
1 58
-1 -2
1 3
1 11
1 5
1 106
1 23
0 0
-1 2
1 86
1 51
1 153
0 0
0 0
1 10
0 0
1 35
-1 18
1 92
1 2
1 10
1 225
1 2
1 45
1 110
1 2
1 5
0 0
0 0
1 96
1 102
1 85
0 0
1 33
1 11
0 0
1 7
1 9
1 66
-1 -4
1 187
1 44
0 0
0 0
1 20
1 141
0 0
1 63
1 7
1 14
0 0
1 18
-1 6
0 0
1 166
1 247
1 51
0 0
1 39
1 13
1 19
1 39
0 0
1 42
1 10
0 0
0 0
1 19
1 21
1 53
1 31
1 4
-1 12
1 68
1 4
-1 50
1 9
-1 30
0 0
1 39
1 16
1 10
1 9
1 51
0 0
0 0
0 0
0 0
0 0
1 11
1 286
1 57
1 10
1 9
1 29
0 0
1 37
1 27
1 6
1 8
1 9
1 5
1 7
1 32
1 31
1 20
0 0
1 16
0 0
1 125
0 0
1 28
0 0
0 0
0 0
1 3
1 4
1 9
1 29
0 0
1 52
1 19
1 11
1 25
1 198
1 1
1 7
0 0
1 4
1 6
1 1
1 14
1 26
1 15
1 4
1 5
1 55
1 175
1 132
1 372
-1 1
1 116
1 88
1 26
1 213
1 310
-1 11
1 4
-1 11
1 22
1 8
1 71
1 370
1 13
0 0
0 0
0 0
1 7
1 6
1 299
0 0
0 0
1 26
1 5
1 62
-1 -110
1 100
-1 1
1 3
-1 3
1 5
-1 16
1 20
-1 83
0 0
1 60
-1 -24
0 0
0 0
0 0
1 213
1 2
0 0
0 0
1 158
-1 41
-1 1
1 21
0 0
0 0
1 81
1 5
1 41
1 19
1 220
1 17
1 164
1 393
1 42
1 112
1 4
1 355
1 3
1 57
1 1085
1 98
0 0
0 0
1 137
1 6
-1 -4
1 100
0 0
1 2
1 29
1 7
1 165
1 26
-1 433
1 227
0 0
0 0
0 0
1 1
1 88
1 161
1 69
0 0
1 536
1 61
-1 3
-1 26
0 0
0 0
1 57
-1 5
1 19
0 0
-1 3
1 21
1 10
1 219
1 7
0 0
1 58
1 7
1 36
-1 1
0 0
-1 1
1 3
1 41
1 6
1 45
1 475
-1 3
-1 3
0 0
-1 202
1 11
1 67
-1 1
-1 23
1 33
1 17
-1 56
0 0
1 3
0 0
-1 160
1 4
1 27
1 180
-1 197
1 88
-1 10
1 7
1 169
0 0
1 204
-1 135
1 5
0 0
-1 3
1 24
-1 15
-1 5
1 17
0 0
-1 -2
1 177
0 0
1 5
1 9
-1 5
-1 16
1 627
-1 169
1 325
1 184
-1 1
-1 76
-1 64
0 0
1 298
0 0
1 39
1 74
-1 28
1 219
1 44
1 17
0 0
1 6
-1 9
-1 8
-1 0
1 2
1 3
0 0
1 5
1 77
1 13
1 12
0 0
1 33
1 5
1 71
1 4
1 24
1 26
1 79
0 0
1 68
0 0
0 0
1 11
0 0
1 30
1 13
1 9
1 72
1 5
1 77
1 3
1 28
0 0
1 69
0 0
1 25
1 30
1 24
1 23
1 213
1 16
-1 175
-1 -34
-1 307
1 94
1 26
1 199
1 7
-1 -42
1 32
1 7
1 188
1 162
1 169
1 3
1 11
1 151
1 91
-1 -10
1 84
1 286
1 273
1 26
0 0
-1 -7
1 10
-1 1
-1 17
-1 5
1 15
0 0
0 0
1 10
1 225
1 23
-1 8
1 247
1 54
0 0
1 10
-1 -30
1 177
1 2
1 42
-1 -7
1 42
1 10
1 2
-1 23
-1 -1
0 0
1 13
0 0
-1 1
-1 61
1 48
0 0
0 0
0 0
1 310
1 7
1 183
-1 -5
-1 3
-1 222
1 35
-1 31
-1 13
1 18
0 0
-1 53
-1 20
1 83
1 3
1 133
1 6
-1 31
1 7
0 0
1 42
1 1
1 443
1 47
0 0
1 4
0 0
1 2
1 5
1 10
0 0
-1 194
0 0
1 16
1 36
1 3
1 30
1 7
-1 2
1 19
1 5
1 28
1 114
1 10
1 128
1 17
-1 204
1 247
0 0
-1 3
1 197
1 13
1 7
1 5
1 6
1 91
1 285
1 7
-1 60
1 74
-1 43
1 9
-1 8
-1 48
-1 75
1 6
1 168
1 10
-1 11
-1 87
1 14
1 11
-1 46
1 103
1 51
1 43
1 193
1 60
-1 3
1 3
0 0
1 10
1 133
1 272
1 5
1 10
1 34
1 117
1 15
1 2
-1 5
1 6
1 64
-1 150
0 0
1 917
1 100
1 12
1 3
1 18
-1 3
1 532
1 194
1 53
0 0
-1 382
1 346
-1 -25
1 227
0 0
1 6
1 53
-1 -1
1 65
1 58
1 257
-1 1
0 0
1 17
-1 -96
0 0
1 43
1 6
1 409
1 9
0 0
1 75
1 461
1 67
1 57
1 19
1 225
1 6
-1 1
1 40
1 202
1 101
1 22
1 68
1 34
1 131
1 51
1 4
1 14
1 167
1 3
1 8
0 0
1 163
1 12
1 31
1 287
1 81
-1 1
1 20
-1 9
1 33
1 102
0 0
1 11
1 56
1 10
1 324
1 5
0 0
1 10
1 11
1 87
0 0
0 0
1 21
0 0
1 163
1 9
1 327
0 0
0 0
1 13
1 29
1 45
0 0
0 0
0 0
0 0
1 21
0 0
1 2
1 63
0 0
1 19
1 306
1 158
-1 2
-1 6
1 8
-1 2
1 71
1 5
1 75
1 33
1 173
1 144
1 31
-1 279
1 9
1 40
1 113
1 18
1 87
1 73
1 8
-1 343
1 2
1 180
-1 12
-1 71
0 0
1 121
0 0
1 65
1 224
1 43
1 29
-1 23
1 42
1 21
-1 31
-1 12
1 7
1 22
1 2
1 558
-1 1
0 0
1 31
1 44
1 135
1 156
1 930
1 84
1 55
1 6
-1 6
1 129
1 21
1 107
1 126
0 0
0 0
0 0
1 86
-1 3
1 2
0 0
1 46
1 55
-1 2
1 237
1 1
0 0
0 0
0 0
0 0
-1 51
1 13
-1 116
0 0
0 0
0 0
-1 -3
1 231
1 70
1 133
0 0
1 35
1 72
1 7
0 0
1 61
1 4
1 10
0 6
1 157
0 0
-1 1
1 34
0 0
1 0
-1 13
0 0
1 139
1 19
0 0
0 0
1 114
1 34
0 0
-1 352
1 35
1 18
1 108
1 71
1 11
-1 -11
1 320
1 4
1 39
-1 6
-1 44
1 2
1 4
1 122
-1 10
1 12
-1 10
1 245
1 17
1 4
1 20
-1 3
1 165
1 5
1 10
-1 9
1 6
1 5
1 6
0 0
0 0
1 89
1 67
0 0
1 57
0 0
-1 6
1 15
1 287
1 7
0 0
1 8
1 207
0 0
1 44
1 2
0 0
1 7
1 44
0 0
0 0
1 17
1 196
1 111
-1 -5
1 33
-1 -1
-1 727
-1 6
-1 -2
1 33
1 80
0 0
1 30
0 0
1 12
1 23
-1 15
0 0
0 0
1 14
0 0
0 0
0 0
1 103
1 186
0 0
0 0
1 22
-1 -24
1 11
1 543
1 131
0 0
1 28
-1 22
-1 19
1 65
-1 -371
1 170
1 2
1 8
1 68
1 11
1 106
0 0
0 0
0 0
1 4
-1 -2
-1 46
1 40
0 0
1 79
0 0
0 0
1 42
1 129
1 207
-1 3
-1 19
-1 1
1 176
-1 3
0 0
-1 15
1 5
1 194
1 17
1 115
1 9
1 14
1 16
0 0
1 13
0 0
1 35
1 5
1 47
1 6
1 51
1 25
1 66
1 35
0 0
1 61
1 53
-1 12
1 4
1 61
0 0
0 0
1 5
1 33
1 28
1 304
-1 43
1 8
0 0
1 6
1 17
1 13
1 12
1 9
1 4
1 2
1 8
1 17
1 129
-1 245
1 889
1 2
1 105
1 32
1 93
1 640
1 127
1 23
1 26
1 17
1 15
1 31
1 45
1 7
-1 60
1 25
1 110
1 117
0 0
1 63
1 45
1 8
1 383
1 124
1 28
1 202
1 3
1 31
1 512
1 8
1 41
1 191
1 31
1 62
0 0
-1 171
1 22
1 9
1 223
0 0
1 4
0 0
1 18
1 163
0 0
-1 -3
1 22
1 10
0 0
0 0
1 5
0 0
1 121
1 252
1 435
1 1
1 2
-1 14
1 9
1 11
1 88
-1 420
1 36
0 0
-1 18
0 0
1 12
1 144
1 173
1 54
0 0
-1 495
-1 133
1 178
1 105
1 30
1 470
1 64
0 0
0 0
-1 360
1 82
1 145
1 5
1 38
1 7
1 93
1 14
1 3
1 201
0 0
1 9
1 176
1 121
0 0
1 4
1 50
1 651
0 0
1 6
1 28
1 143
-1 1
1 35
1 18
1 7
1 4
1 240
-1 88
-1 1
1 27
1 456
1 32
1 118
-1 -35
1 399
1 354
1 68
1 459
1 62
1 51
1 5
1 221
0 0
0 0
-1 46
1 93
0 0
1 124
0 0
0 0
1 4
1 15
1 1041
0 0
1 188
1 24
1 12
1 352
1 241
1 15
1 5
1 37
1 1056
1 9
0 0
-1 -51
1 372
-1 97
0 0
0 0
0 0
1 3
0 0
-1 21
0 0
-1 1
1 7
1 8
1 11
0 0
0 0
0 0
1 2
1 56
1 138
1 16
0 0
1 244
-1 -8
1 1387
1 8
1 17
1 33
0 0
1 4
0 0
-1 16
-1 1
1 10
1 14
1 122
1 23
1 4
1 9
1 45
1 53
-1 -26
1 8
1 1459
1 23
1 19
-1 12
1 9
1 12
1 222
1 143
1 105
-1 -42
1 130
1 15
0 0
1 5
1 128
1 35
-1 71
1 31
1 52
0 0
1 67
1 30
-1 29
1 51
0 0
0 9
1 32
-1 16
0 0
1 47
1 125
1 81
1 137
0 0
1 22
1 42
1 16
-1 -6
1 65
0 0
1 14
1 93
1 23
1 38
1 6
0 0
-1 5
0 0
1 5
0 0
0 0
1 70
1 302
-1 7
1 10
0 0
1 41
1 4
1 13
0 0
1 38
1 18
1 659
1 94
1 390
1 20
1 490
-1 38
-1 189
1 457
1 413
0 0
1 34
-1 95
1 48
0 0
1 8
1 5
1 381
1 253
1 8
0 0
-1 39
1 6
0 0
1 5
1 86
1 29
1 25
1 85
0 0
1 29
0 0
1 18
1 96
-1 10
1 62
0 0
1 291
-1 15
0 0
1 9
1 73
0 0
1 37
1 26
1 31
1 114
-1 31
0 0
-1 9
1 78
1 9
1 22
1 28
1 324
-1 12
1 38
-1 29
1 42
-1 11
1 11
1 14
1 5
1 73
1 8
1 26
1 11
-1 11
-1 3
0 0
1 154
1 11
0 0
1 8
0 0
1 2
-1 -5
1 15
0 0
0 0
-1 305
1 166
1 14
0 0
1 17
1 18
1 110
-1 94
1 253
1 385
1 318
-1 89
1 385
1 7
1 2
-1 7
-1 7
0 0
1 57
0 0
1 4
1 35
-1 26
1 414
1 127
1 4
1 29
1 97
1 41
-1 59
0 0
0 0
-1 39
1 48
-1 1
-1 -5
1 58
1 143
-1 -45
0 0
1 27
1 9
1 23
1 110
1 4
1 23
1 8
-1 77
0 0
0 0
1 8
0 0
0 0
1 4
0 0
-1 4
0 0
0 0
0 0
1 4
1 180
1 45
-1 242
-1 -6
1 9
-1 51
1 79
1 74
1 68
0 0
1 34
-1 234
1 119
0 0
-1 -4
0 0
0 0
-1 1
1 5
0 0
-1 2
0 0
-1 -2
0 0
0 0
-1 -9
1 10
0 0
1 60
1 18
1 22
0 0
0 0
1 3
1 44
1 9
1 8
0 0
1 8
1 10
1 137
1 10
1 13
1 21
0 0
1 3
0 0
1 4
0 0
1 14
1 3
-1 -2
1 83
0 0
1 60
1 56
1 243
1 13
1 3
1 14
-1 27
1 4
1 9
1 60
1 126
1 17
1 137
-1 -26
1 31
1 16
-1 7
1 18
1 31
-1 -8
0 0
0 0
1 14
1 47
-1 19
-1 4
1 5
1 16
1 10
0 0
0 0
1 29
1 649
1 59
1 4
1 13
0 0
1 116
0 0
1 202
0 0
1 324
-1 343
1 8
1 252
0 0
1 3
0 0
1 55
1 11
1 109
1 21
0 0
1 5
1 5
1 24
0 0
1 33
1 43
1 2
0 0
1 126
1 230
1 3
1 164
1 10
-1 -2
1 497
1 15
1 4
0 0
1 124
1 9
-1 46
0 0
1 319
1 50
1 15
1 14
1 341
1 17
0 0
1 13
1 32
1 257
1 6
-1 296
1 33
1 341
1 10
-1 36
1 39
1 251
1 20
1 43
1 230
1 15
0 0
1 24
0 0
1 9
-1 4
1 5
-1 10
1 62
1 5
1 10
-1 2
1 12
1 32
0 0
1 6
1 188
-1 2
1 28
1 5
1 122
0 0
1 233
1 62
1 12
1 15
-1 -23
1 130
1 35
1 417
1 163
1 27
0 0
1 6
1 13
1 4
1 7
1 96
1 39
-1 -18
-1 76
-1 1
1 20
1 479
1 16
-1 10
1 57
-1 4
1 10
1 69
1 19
-1 2
0 0
-1 1
1 65
1 31
-1 8
1 453
0 0
0 0
0 0
1 134
1 239
1 6
1 231
1 16
0 0
1 351
1 9
1 255
1 343
1 105
1 7
-1 -10
-1 -3
0 0
-1 53
1 11
1 13
1 33
1 13
1 44
1 3
1 15
0 0
0 0
1 51
0 0
1 131
1 4
1 64
0 0
1 16
1 266
1 15
1 81
1 22
1 24
1 133
-1 44
0 0
1 7
1 303
1 39
1 173
1 4
1 134
1 186
1 119
1 7
0 0
1 213
1 198
1 42
1 87
1 13
-1 -1
1 486
0 0
1 202
1 26
1 6
-1 285
-1 15
1 35
1 138
1 9
1 28
1 23
1 13
1 188
1 94
1 10
1 17
1 102
1 75
1 50
1 8
0 0
-1 23
1 22
1 19
1 47
1 23
-1 6
1 9
0 0
1 57
1 17
-1 -1
1 468
1 26
1 11
1 93
0 0
1 24
1 183
-1 -2
1 369
1 38
1 3
1 3
1 1
0 0
1 16
1 6
1 13
0 0
1 94
1 8
-1 -79
1 14
1 21
0 0
0 0
0 0
0 0
0 0
0 0
0 0
1 102
1 14
0 0
1 51
0 0
1 110
-1 175
-1 24
0 0
1 290
1 65
-1 1
1 5
1 164
1 8
-1 483
0 0
-1 118
1 3
-1 64
1 58
1 303
1 4
1 232
1 41
1 9
1 6
1 129
1 8
1 4
1 79
1 480
1 41
1 3
1 331
0 0
1 20
0 0
-1 2
1 28
1 49
1 349
-1 9
-1 79
-1 6
-1 404
1 95
1 282
-1 201
0 0
1 55
0 0
1 12
1 212
1 14
1 159
1 168
0 0
0 0
1 36
1 168
-1 -14
1 31
0 0
1 17
1 11
-1 71
1 59
0 0
1 4
1 2
1 81
0 0
1 11
0 0
0 0
1 17
1 4
1 21
1 36
0 0
1 4
1 10
0 0
0 0
0 0
0 0
0 0
1 1
1 70
0 0
-1 10
1 7
0 0
0 0
1 14
0 0
1 51
0 0
1 177
-1 1249
-1 -2
-1 14
1 7
-1 -9
1 186
1 6
1 24
1 8
1 3
1 155
0 0
1 553
1 10
1 201
1 1
1 53
1 23
1 29
1 633
1 27
1 6
0 0
1 300
1 18
1 79
1 589
1 30
1 38
1 153
1 30
0 0
0 0
0 0
1 45
-1 2
-1 -4
-1 26
1 577
1 7
-1 91
1 11
-1 174
0 0
1 10
1 35
0 0
1 102
-1 8
1 109
0 0
1 60
1 14
0 0
-1 155
-1 13
-1 -8
1 9
1 5
-1 7
-1 8
0 0
1 28
1 25
1 28
1 57
1 1648
1 14
0 0
1 51
0 0
1 548
1 10
1 26
-1 41
1 150
1 11
1 3
1 56
1 20
1 39
1 427
1 15
1 17
1 512
0 0
1 7
-1 26
-1 3
0 0
1 11
0 0
-1 99
-1 16
1 11
-1 32
1 58
1 79
0 0
-1 274
1 14
0 0
1 261
1 17
0 0
1 14
1 101
1 23
0 0
1 325
0 0
1 46
0 0
1 15
-1 -22
1 14
-1 6
1 4
1 90
1 50
1 22
-1 1
0 0
1 300
1 2
1 370
1 237
1 299
-1 37
-1 23
1 5
1 53
-1 36
-1 -8
-1 2
-1 -10
1 60
1 9
-1 -30
1 7
0 0
-1 20
1 31
1 1
0 0
1 7
1 19
-1 25
1 13
1 42
1 30
-1 40
1 242
1 314
0 0
0 0
1 77
1 125
1 70
1 8
1 268
1 17
-1 96
1 56
1 5
1 12
1 916
1 14
-1 208
1 66
1 50
1 6
0 0
1 42
1 11
1 83
1 1
1 10
1 4
1 28
0 0
1 101
0 0
1 21
0 0
0 0
1 31
1 126
1 10
-1 14
1 115
0 0
1 17
1 46
0 0
0 0
-1 39
1 15
-1 6
0 0
0 0
1 15
1 53
1 36
0 0
-1 17
0 0
1 27
0 0
1 7
1 151
1 26
1 122
1 35
0 0
1 60
1 140
1 8
1 173
1 2
1 57
-1 207
0 0
1 24
1 19
1 292
1 30
1 20
1 75
1 16
1 39
-1 45
1 187
1 115
1 148
1 16
1 13
1 54
1 91
-1 46
-1 -2
1 12
1 58
0 0
0 0
1 7
1 65
1 3
1 7
1 5
-1 -10
1 6
-1 14
0 0
1 30
1 37
1 14
1 23
1 57
1 60
0 0
0 0
1 22
-1 295
1 54
1 158
1 21
1 7
1 8
1 33
1 57
1 67
1 233
1 228
1 22
1 20
1 19
1 29
1 324
1 663
1 5
-1 9
1 212
1 9
1 398
1 54
1 168
1 11
1 174
1 10
1 54
1 408
-1 -4
1 32
0 0
1 46
1 112
-1 -5
1 17
1 151
0 0
1 14
1 8
1 16
1 3
-1 1
1 7
0 0
1 44
-1 1
1 15
0 0
-1 -1
-1 118
1 13
0 0
1 31
1 18
1 13
1 172
0 0
1 46
1 21
1 108
0 0
1 226
1 3
1 26
-1 -1
1 7
1 69
1 2
1 20
1 19
-1 43
1 34
0 0
1 3
1 210
1 22
-1 1
1 6
-1 44
1 63
0 0
0 0
1 7
-1 63
-1 229
0 0
1 66
0 0
1 3
1 1
1 14
1 23
1 57
1 193
1 15
1 62
0 0
0 0
0 0
1 13
1 255
1 86
1 78
1 57
1 9
0 0
1 80
1 2
1 27
0 0
1 9
1 11
1 260
1 182
1 100
1 4
0 0
1 74
0 0
1 18
1 221
1 107
0 0
-1 174
1 75
-1 -4
1 21
1 3
1 137
1 2
1 0
1 16
1 7
-1 -1
1 81
0 0
1 57
0 0
0 0
1 45
0 0
1 215
0 0
0 0
0 0
1 114
1 40
-1 3
-1 302
-1 9
1 4
-1 11
1 34
-1 181
1 14
-1 21
1 9
0 0
1 7
-1 -40
0 0
1 3
1 250
1 273
0 0
1 14
1 77
0 0
0 0
-1 109
1 54
1 72
1 790
1 6
0 0
1 2
1 19
1 86
1 50
0 0
1 256
-1 -1
1 15
-1 0
1 45
0 0
1 43
1 66
0 0
1 19
1 30
-1 63
-1 229
0 0
1 66
0 0
1 3
1 1
1 14
1 23
1 57
1 193
1 15
1 62
0 0
0 0
0 0
1 13
1 42
1 161
1 45
-1 -33
0 0
1 10
1 75
1 13
0 0
1 333
1 60
1 24
1 44
1 15
1 16
-1 6
1 14
-1 5
1 5
-1 1
1 2
1 84
1 67
1 5
-1 211
1 33
1 15
-1 1
1 5
-1 13
1 15
1 1
1 18
-1 1
0 0
1 76
0 0
1 101
1 190
0 0
0 0
-1 -3
1 31
1 34
-1 13
1 200
1 30
1 125
0 0
1 122
1 166
0 0
1 9
-1 18
0 0
1 5
1 39
1 17
1 49
1 19
-1 71
1 19
1 111
1 44
1 457
1 13
0 0
1 38
1 212
1 195
1 125
1 37
-1 4
1 11
1 104
-1 -3
1 7
-1 19
1 6
1 31
1 9
1 5
-1 63
-1 229
0 0
1 66
0 0
1 3
1 1
1 14
1 23
1 57
1 193
1 15
1 62
0 0
0 0
0 0
1 13
1 261
1 72
-1 479
-1 104
1 88
-1 4
1 36
1 226
1 12
1 124
0 0
0 0
-1 25
1 40
1 61
0 0
0 0
0 0
-1 76
0 0
1 319
-1 260
1 12
-1 286
0 0
1 16
1 129
1 4
-1 20
-1 24
1 348
1 158
-1 7
0 0
-1 5
1 31
1 102
1 13
1 100
1 91
-1 10
1 37
1 185
1 4
-1 -1
1 4
1 19
1 12
1 257
0 0
1 4
0 0
1 27
1 78
1 101
-1 -8
1 81
1 14
1 63
1 6
1 52
1 29
1 16
-1 35
1 65
0 0
1 26
1 5
1 30
1 16
1 27
1 28
1 18
1 201
1 23
1 82
1 8
-1 23
0 0
0 0
1 23
-1 3
1 5
1 3
0 0
1 34
1 62
-1 163
1 3
1 9
0 0
1 631
0 37
1 62
0 0
0 0
0 0
1 13
-1 255
1 13
1 12
1 102
1 52
1 5
1 593
1 30
1 2
0 0
0 0
0 0
0 0
1 34
-1 7
0 0
-1 1
-1 1
1 122
0 0
1 7
-1 17
1 104
0 0
1 5
1 10
1 159
1 19
0 0
-1 7
-1 3
1 42
1 9
1 6
1 45
1 10
1 9
0 0
0 0
1 522
1 36
-1 1
1 52
1 30
-1 14
1 186
0 0
1 15
1 30
1 127
0 0
1 68
1 1
1 3
0 0
1 13
1 55
0 0
-1 -11
-1 2
1 76
0 0
1 76
1 74
0 0
0 0
0 0
-1 -21
1 576
1 180
1 25
0 0
1 410
-1 93
-1 26
1 196
0 0
1 118
1 136
-1 14
1 41
1 17
-1 79
1 149
1 5
1 167
1 4
1 4
0 0
1 21
1 69
1 5
1 189
1 24
1 231
1 15
1 16
-1 163
1 3
1 9
0 0
1 631
0 37
1 62
0 0
0 0
0 0
1 13
1 30
1 15
1 35
1 52
1 11
0 0
-1 -9
0 0
1 3
1 283
1 57
1 422
1 17
1 13
-1 8
1 4
1 687
-1 9
1 54
0 0
0 0
1 253
1 6
-1 6
1 3
1 18
0 0
-1 5
0 0
1 3
1 5
1 58
1 134
1 6
0 0
-1 8
0 0
1 172
1 15
1 3
1 18
1 83
1 51
1 16
1 6
1 31
1 554
1 8
1 12
1 8
-1 9
0 0
-1 1
1 29
1 56
1 21
1 2
1 7
1 5
-1 304
-1 11
1 8
1 11
0 0
1 19
1 13
1 28
0 0
1 100
-1 6
1 168
1 107
1 11
0 0
1 48
1 54
1 46
1 85
1 3
1 253
1 17
1 242
1 54
1 2
1 4
1 38
1 54
0 0
0 0
1 8
1 1
1 28
0 0
-1 29
0 0
1 12
1 153
0 0
1 6
1 13
0 0
0 0
