1 2
1 43
1 1
-1 47
-1 23
1 20
0 0
0 0
1 2
0 0
1 5
-1 2
-1 2
-1 9
1 83
-1 13
0 0
0 0
1 32
0 0
0 0
1 10
0 0
1 24
0 0
-1 16
1 239
0 0
-1 7
1 306
1 51
-1 11
-1 19
0 0
-1 6
0 0
0 0
1 43
1 30
0 0
1 29
-1 21
1 25
1 60
1 25
1 17
1 25
1 24
1 70
-1 5
1 14
0 0
0 0
1 16
1 25
1 1
0 0
1 5
0 0
1 5
0 0
-1 39
1 4
0 0
-1 23
1 39
-1 9
-1 15
1 4
-1 -4
0 0
0 0
1 3
0 0
0 0
1 10
0 0
-1 33
-1 14
1 5
1 31
1 6
0 0
-1 28
1 11
1 73
0 0
1 8
1 36
1 4
0 0
1 78
0 0
1 2
1 18
0 0
1 22
-1 11
-1 14
1 31
1 8
1 10
-1 36
1 11
-1 9
-1 37
0 0
-1 3
-1 -7
-1 14
-1 8
1 40
1 11
-1 4
1 23
0 0
0 0
1 50
1 17
0 0
0 0
1 20
1 25
-1 51
1 5
1 18
1 3
1 6
1 9
1 5
-1 32
0 0
-1 20
1 13
-1 8
1 82
1 50
1 36
1 42
-1 24
1 53
1 11
1 43
1 34
-1 2
0 0
0 0
1 3
0 0
0 0
1 15
-1 17
-1 -9
0 0
0 0
1 37
-1 17
1 37
-1 87
1 13
1 11
1 19
1 36
-1 18
-1 2
0 0
1 20
-1 113
1 15
-1 43
1 12
1 1
0 0
0 0
0 0
-1 1
-1 37
-1 -4
1 37
-1 15
-1 111
-1 6
0 0
-1 153
0 0
-1 7
0 0
0 0
-1 7
0 0
1 18
-1 26
0 0
1 11
1 22
0 0
1 31
1 23
0 0
1 8
1 4
0 0
0 0
-1 12
-1 -1
0 0
-1 13
0 0
-1 17
1 14
0 0
1 32
1 28
0 0
0 0
-1 16
-1 6
-1 15
-1 71
-1 12
0 0
-1 5
-1 2
-1 8
0 0
0 0
0 14
1 26
-1 5
1 24
0 0
1 35
1 43
1 45
-1 14
0 0
0 0
1 96
-1 -22
0 0
1 81
-1 3
1 21
0 0
-1 31
0 0
0 0
1 11
-1 -1
-1 -17
0 0
1 31
-1 4
0 0
-1 5
0 0
0 0
0 0
0 0
0 0
1 33
1 8
1 20
1 2
0 0
0 0
0 0
1 48
0 0
1 20
1 29
1 37
-1 18
1 115
-1 41
1 49
0 0
1 11
1 7
0 0
1 1
1 37
-1 10
1 60
1 26
1 10
1 18
0 0
1 7
1 17
-1 9
1 8
0 0
0 0
-1 9
1 9
-1 21
-1 7
-1 17
-1 8
1 10
1 4
1 9
-1 4
-1 3
0 0
1 4
1 9
0 0
1 25
1 21
1 16
1 1
1 22
0 0
0 0
0 0
1 5
1 1
1 10
0 0
0 0
0 0
1 6
0 0
-1 11
1 28
1 31
1 2
1 1
-1 5
1 6
1 2
1 11
1 1
0 0
1 2
1 3
-1 8
-1 9
0 0
1 16
0 0
0 0
1 75
1 6
0 0
0 0
1 1
1 27
1 2
1 15
1 16
0 0
0 0
0 21
1 1
1 7
-1 -4
1 151
1 12
1 3
1 12
1 20
1 14
1 33
0 0
1 13
1 7
1 7
1 5
1 9
1 1
1 91
0 0
0 0
-1 18
1 3
0 0
-1 12
1 6
0 0
0 0
1 33
1 14
1 12
0 0
-1 55
1 14
1 40
0 0
1 12
-1 53
1 28
0 0
0 20
1 4
0 0
1 5
1 17
1 3
0 0
1 16
0 0
-1 1
0 0
1 26
0 0
1 10
-1 7
1 17
1 83
1 1
1 51
1 11
-1 11
1 5
1 47
0 0
-1 4
1 12
1 3
-1 37
0 0
0 0
1 11
1 44
0 0
-1 8
1 13
-1 7
0 0
1 27
1 17
-1 11
1 5
1 26
1 6
1 5
0 0
1 4
0 0
0 0
1 3
1 18
1 19
1 6
-1 14
1 10
0 0
-1 27
0 0
0 0
1 13
1 7
1 25
1 182
1 13
1 15
-1 5
0 0
0 0
1 26
1 7
1 4
1 14
0 0
0 0
0 0
0 0
-1 2
-1 13
-1 21
0 0
0 0
1 5
1 241
0 0
1 5
1 113
-1 12
0 0
-1 11
0 0
1 6
1 82
0 0
1 75
1 12
1 29
1 13
0 0
-1 -2
1 39
1 4
0 0
1 10
1 2
1 25
0 0
1 4
1 9
0 0
1 3
1 3
-1 24
-1 4
-1 6
-1 2
1 3
0 0
-1 2
1 3
0 0
0 0
1 32
1 1
1 32
0 0
0 0
1 14
1 8
0 0
-1 31
-1 6
0 0
1 104
-1 16
1 13
1 43
1 14
-1 16
1 46
0 0
-1 13
0 0
0 0
0 0
1 9
1 5
1 1
0 0
0 0
0 0
0 0
0 0
1 4
0 0
1 11
0 0
-1 36
-1 21
0 0
-1 11
-1 2
1 8
1 5
0 0
1 33
0 0
-1 2
1 11
1 76
1 221
-1 5
1 17
-1 8
-1 28
1 13
0 0
1 10
1 4
1 3
-1 3
1 21
-1 43
1 2
0 0
0 0
0 0
0 0
-1 32
1 101
0 0
-1 37
1 2
1 2
1 2
0 0
0 0
1 40
1 7
-1 59
0 0
-1 9
1 125
1 4
1 10
-1 9
-1 -5
-1 27
-1 11
-1 13
1 95
-1 16
0 0
1 11
-1 181
-1 90
1 6
1 32
1 31
0 0
1 7
1 72
1 35
1 5
1 3
1 10
0 0
1 14
1 1
1 2
0 0
1 14
0 0
1 5
0 0
0 0
1 36
-1 28
0 0
1 7
0 0
0 0
1 21
0 0
1 2
-1 17
0 0
0 0
1 17
1 36
0 0
1 8
0 0
0 0
-1 -29
0 0
-1 24
1 4
1 15
0 0
0 0
1 29
1 8
1 18
0 0
1 5
1 4
1 30
1 9
1 10
0 0
1 1
1 69
-1 9
-1 11
1 13
1 56
0 0
0 0
1 29
0 0
1 19
-1 25
0 0
-1 39
1 8
-1 12
1 21
-1 66
-1 23
0 0
-1 33
1 2
-1 22
-1 38
1 5
-1 83
1 12
1 408
0 0
1 14
-1 18
1 560
1 94
0 0
0 0
1 14
1 64
1 5
1 8
0 0
1 23
0 0
1 8
1 191
0 0
1 96
-1 5
1 17
1 93
1 4
0 0
-1 7
1 10
1 479
1 103
0 0
-1 51
-1 13
-1 112
0 0
1 16
0 0
1 33
-1 14
0 0
1 3
1 7
1 33
1 4
1 38
1 112
1 9
0 0
0 0
1 4
-1 5
1 16
1 13
-1 212
0 0
0 0
-1 2
-1 60
1 130
1 108
1 9
1 30
0 0
-1 8
0 0
-1 262
0 0
0 0
1 3
-1 92
1 12
0 0
1 1
0 0
1 1
-1 11
0 0
0 0
0 0
1 8
0 0
0 0
1 2
1 15
1 19
-1 8
0 0
1 13
-1 6
1 48
0 0
1 9
1 2
-1 18
-1 1
1 6
0 0
0 0
1 18
-1 7
1 21
-1 22
-1 3
1 2
0 0
-1 9
1 4
1 41
0 0
1 16
1 5
0 0
0 0
1 6
-1 11
1 16
0 0
-1 10
-1 4
1 34
1 83
-1 43
0 0
1 58
1 34
-1 3
1 8
1 241
0 0
0 0
-1 11
-1 18
-1 43
1 2
1 50
1 23
0 0
1 9

1 7
1 47
-1 19
-1 4
0 0
1 202
0 0
1 8
0 0
1 52
0 0
0 0
1 72
0 0
0 0
1 16
0 0
1 7
1 53
1 84
1 15
-1 10
-1 9
-1 13
1 224
1 16
0 0
1 31
1 1
0 0
0 0
-1 43
0 0
0 0
1 204
-1 16
-1 3
1 214
1 23
0 0
0 0
1 5
1 348
-1 4
1 19
1 18
0 0
0 0
0 0
1 10
-1 9
0 0
0 0
1 165
0 0
-1 36
0 0
0 0
1 7
1 12
-1 2
1 1
-1 11
-1 19
0 0
0 0
1 4
1 3
1 389
1 10
0 0
-1 8
1 359
1 7
1 60
-1 6
0 0
-1 5
0 0
-1 13
-1 6
-1 25
1 1
0 0
-1 5
-1 97
-1 7
0 0
0 16
1 19
1 3
0 0
1 2
1 107
0 0
-1 -8
1 28
-1 8
1 1
1 1
1 13
1 12
1 166
1 11
0 0
0 0
0 0
0 0
0 0
0 0
1 3
1 54
0 0
1 5
0 0
0 0
1 6
-1 147
0 0
0 0
1 15
1 7
1 13
0 0
1 152
1 10
1 5
1 15
1 2
1 2
1 17
1 184
1 45
1 5
1 6
1 23
1 30
1 219
1 16
0 0
-1 18
1 76
-1 1
-1 13
1 30
1 15
-1 2
1 2
-1 6
0 0
1 25
1 19
-1 18
1 242
1 149
0 0
0 0
1 19
0 0
1 76
0 0
1 32
0 0
1 7
-1 15
-1 444
-1 8
1 7
1 136
1 12
1 17
-1 28
1 8
1 50
0 0
1 47
0 0
0 0
1 7
-1 10
1 20
1 7
0 0
0 0
0 0
-1 58
0 0
1 79
1 9
1 51
-1 2
1 37
-1 19
-1 6
1 17
0 0
1 1
1 263
1 1
1 3
0 0
0 0
1 15
1 1
1 147
-1 11
-1 62
-1 8
0 0
1 384
1 96
1 13
0 0
-1 33
0 0
0 0
1 257
0 0
0 0
-1 29
1 3
1 7
1 3
1 4
1 12
1 173
-1 25
1 1
-1 35
1 30
1 70
-1 9
0 0
0 0
0 0
-1 8
1 37
1 40
0 0
0 0
1 17
1 40
0 0
0 0
1 2
0 0
0 0
1 143
1 21
-1 49
1 68
0 0
0 0
-1 41
1 2
1 66
1 21
1 22
0 0
1 14
1 6
1 9
1 9
1 98
1 16
0 0
-1 5
0 0
1 36
-1 18
1 24
-1 46
1 3
1 4
1 26
1 6
1 316
0 0
-1 3
1 23
0 0
0 0
1 4
1 27
1 4
0 0
-1 -2
1 49
1 28
0 0
1 4
1 4
0 0
0 0
1 219
0 0
0 0
0 0
-1 4
-1 9
1 33
1 899
0 0
1 23
-1 -18
-1 9
0 0
0 10
1 32
1 19
1 29
1 15
0 0
1 35
0 0
1 22
0 0
1 20
0 0
-1 126
0 0
0 0
0 0
-1 17
1 151
-1 4
-1 0
-1 5
0 0
-1 48
0 0
1 24
1 176
-1 56
0 0
1 17
-1 -84
1 119
0 0
-1 25
-1 31
0 0
-1 13
1 610
1 54
0 0
1 1
1 180
0 0
0 0
1 2
0 0
0 0
1 2
1 79
1 8
-1 43
0 0
1 6
-1 6
1 10
1 1
0 0
1 10
0 0
1 5
-1 14
0 0
1 29
0 0
0 0
0 0
0 0
1 22
1 8
1 3
0 0
0 0
1 16
1 8
1 325
-1 30
1 7
-1 29
1 291
0 0
0 0
1 42
1 22
0 0
-1 23
0 0
1 2
1 7
1 140
-1 17
0 0
-1 7
0 0
1 37
1 16
1 6
1 12
0 0
0 0
1 49
1 3
-1 13
0 0
-1 2
-1 53
0 0
1 8
1 13
1 175
-1 8
0 0
1 25
1 319
0 0
0 0
-1 13
-1 10
1 15
0 0
1 8
-1 12
0 0
1 21
1 275
-1 3
1 53
-1 10
1 29
0 0
1 11
1 11
-1 8
0 0
-1 338
1 24
1 3
0 0
1 21
1 35
0 0
1 13
1 9
0 0
-1 2
-1 35
0 0
1 4
-1 29
0 0
-1 8
0 0
0 0
1 3
1 4
1 5
-1 49
1 3
0 0
-1 1
1 22
-1 6
-1 6
-1 37
-1 -1
1 3
1 296
1 6
0 0
-1 9
1 110
0 0
1 22
1 30
-1 7
0 0
0 0
1 25
-1 11
1 177
0 0
0 0
0 0
1 20
-1 17
0 0
1 6
0 0
0 0
1 32
1 4
0 0
1 44
-1 25
-1 1
1 13
1 35
1 30
0 0
1 1
1 31
1 165
0 0
-1 13
1 52
-1 17
1 30
0 0
1 10
1 105
-1 26
1 38
0 0
1 4
1 536
1 399
1 39
0 0
1 5
1 15
-1 99
1 15
0 0
-1 11
1 77
0 0
1 13
1 1
0 0
0 0
1 24
0 0
0 0
1 105
1 51
1 182
1 51
-1 8
0 0
1 70
-1 26
1 3
1 8
-1 10
1 3
0 0
-1 3
1 581
1 8

1 49
-1 14
-1 3
0 0
1 21
-1 7
0 0
1 4
0 0
1 4
1 99
0 0
0 0
-1 16
0 0
-1 8
0 0
-1 34
0 0
0 0
1 52
-1 7
-1 15
0 0
1 12
-1 -1
1 77
0 0
-1 10
0 0
1 169
1 57
-1 13
-1 11
0 0
1 411
0 0
-1 10
0 0
1 2
0 0
-1 8
1 40
-1 -88
1 3
0 0
0 0
1 247
1 35
1 31
0 0
-1 -2
1 2
0 0
0 0
1 10
0 0
1 306
1 52
1 21
-1 18
-1 15
0 0
-1 -5
1 71
0 0
-1 25
1 25
0 0
-1 197
1 11
1 49
0 0
-1 35
0 0
-1 31
1 27
1 38
0 0
-1 1
0 0
-1 26
0 0
-1 -51
-1 19
-1 10
-1 10
1 11
0 0
1 80
1 39
1 2
1 95
1 18
0 0
-1 45
1 9
1 404
0 0
-1 -7
-1 246
-1 12
1 128
-1 149
0 0
-1 16
0 0
1 5
0 0
0 0
1 27
-1 13
-1 11
1 215
1 3
1 8
0 0
1 27
-1 41
1 3
1 15
1 21
1 6
1 30
-1 -2
1 14
0 0
0 0
-1 25
1 17
1 238
0 0
0 0
1 0
1 12
0 0
1 9
1 34
1 55
1 22
1 23
1 8
0 0
1 31
1 4
-1 -6
1 54
1 229
1 11
-1 13
-1 -14
-1 20
1 6
1 347
1 21
0 0
-1 -23
-1 38
1 63
-1 10
1 1
0 0
1 315
1 19
0 0
-1 13
1 41
1 4
1 45
1 5
0 0
1 4
-1 5
1 143
1 27
1 5
0 0
1 55
1 24
0 0
1 40
1 6
0 0
1 172
-1 14
1 55
1 6
0 0
-1 9
1 153
1 13
1 7
0 0
1 102
-1 30
-1 6
0 0
0 0
1 211
-1 8
-1 -8
1 34
0 0
1 1
1 18
1 25
1 4
0 0
1 3
1 4
0 0
1 32
1 6
1 29
-1 259
0 0
-1 2
-1 11
1 8
-1 3
-1 25
1 55
0 0
1 13
1 35
1 118
1 10
1 49
-1 -9
1 109
-1 -6
-1 98
0 0
1 48
1 89
1 14
1 13
1 10
1 28
1 15
-1 43
0 0
-1 18
0 0

1 9
-1 15
1 9
1 8
1 21
-1 13
1 6
1 4
1 80
1 34
1 61
1 79
1 7
1 38
-1 72
0 0
0 0
1 1
-1 81
-1 8
-1 5
1 74
0 0
1 2
1 203
1 2
1 16
1 4
1 138
1 11
1 25
1 89
0 0
1 63
1 14
0 0
1 125
1 7
-1 6
-1 4
1 198
1 18
1 9
1 51
0 0
1 12
1 56
1 77
1 19
1 16
1 22
1 8
-1 7
-1 42
1 8
0 0
1 26
0 0
1 27
1 10
1 3
0 0
0 0
-1 29
0 0
1 258
1 67
-1 16
0 0
1 7
1 97
1 54
1 4
-1 27
-1 9
-1 31
0 0
0 0
-1 4
1 2
0 0
0 0
-1 66
-1 32
0 0
0 0
-1 43
1 43
0 0
1 12
1 399
0 0
0 0
-1 10
1 13
1 54
1 34
0 0
1 13
0 0
0 0
0 0
0 0
0 0
1 32
-1 360
0 0
-1 29
-1 6
1 7
1 18
-1 168
1 6
1 9
1 424
-1 60
0 0
0 0
-1 11
1 27
0 0
1 24
1 258
0 0
1 33
-1 43
1 50
0 0
-1 16
0 0
0 0
-1 146
0 0
-1 1
-1 31
1 62
0 0
0 0
1 35
0 0
0 0
1 326
1 98
0 0
1 15
0 0
0 0
1 6
-1 17
0 0
1 9
-1 7
0 0
1 43
-1 77
1 10
-1 4
1 9
0 0
-1 10
-1 13
1 6
1 39
1 26
1 1
0 0
1 98
1 7
1 40
-1 4
1 189
0 0
0 0
1 90
-1 23
1 7
0 0
-1 10
1 12
1 17
1 2
1 3
-1 15
1 31
1 3
1 48
1 8
0 0
1 4
-1 9
-1 3
1 2
1 14
1 16
-1 16
0 0
0 0
-1 -10
0 0
1 12
0 0
0 0
0 0
0 0
-1 140
0 0
0 0
-1 -8
-1 223
1 2
0 0
0 0
-1 40
1 3
0 0
0 0
-1 32
1 5
0 0
0 0
0 0
1 27
0 0
1 7
0 0
-1 28
0 0
1 2
1 3
-1 3
-1 1
1 28
0 0
-1 3
1 24
1 4
0 0
0 0
-1 8
-1 19
0 0
0 0
1 3
0 0
0 0
0 0
-1 12
-1 9
0 0
1 22
1 4
0 0
0 0
-1 111
1 6
-1 8
1 6
-1 -2
0 0
0 0
-1 4
1 53
1 9
-1 11
1 6
-1 25
-1 8
0 0
0 0
0 0
0 0
1 7
0 0
-1 2
1 8
1 4
-1 10
0 0
-1 7
-1 46
1 29
1 15
1 10
1 3
-1 24
-1 13
-1 1
1 5
1 9
-1 2
0 0
-1 8
-1 46
1 24
1 8
1 46
0 0
-1 21
1 81
1 17
-1 1
-1 -61
1 7
1 8
1 10
1 23
1 63
-1 14
-1 1
1 18
0 0
1 1
0 0
1 22
0 0
-1 45
0 0
1 103
0 0
1 5
1 17
-1 -4
1 50
-1 -6
0 0
-1 33
-1 7
0 0
1 60
0 0
-1 11
-1 5
0 0
1 23
1 24
0 0
0 0
0 0
-1 19
0 0
1 26
0 0
0 0
1 24
0 0
-1 7
1 38
1 37
1 2
-1 -4
0 0
1 3
0 0
-1 -11
1 304
1 92
-1 2
0 0
0 0
1 3
1 32
1 71
0 0
0 0
0 0
1 3
-1 17
0 0
1 9
-1 5
0 0
1 20
1 171
1 17
0 0
1 35
1 7
-1 128
0 0
0 0

0 0
0 0
1 1
1 16
0 0
1 42
0 0
1 28
-1 -6
-1 81
1 37
1 12
1 6
1 1
1 19
1 1
-1 10
0 0
-1 63
0 0
0 0
1 11
1 5
0 0
-1 29
1 291
1 55
1 7
0 0
1 5
1 3
-1 30
-1 1
0 0
1 214
0 0
1 4
1 16
0 0
0 0
-1 22
-1 -43
-1 81
1 2
-1 80
-1 2
0 0
0 0
1 4
0 0
1 32
1 1
0 0
0 0
0 0
1 52
0 0
0 0
1 43
1 1
0 0
-1 4
0 0

0 0
1 5
-1 16
0 0
-1 10
0 0
0 0
1 2
1 1
1 8
0 0
1 370
0 0
1 1
1 5
0 0
1 113
1 5
-1 -1
0 0
1 5
1 57
0 0
1 7
0 0
1 29
0 0
0 0
0 0
0 0
-1 152
0 0
1 5
0 0
1 4
-1 3
0 0
1 5
0 0
0 0
1 164
-1 1
0 0
0 0
0 0
0 0
1 2
-1 3
-1 6
1 6
1 1
0 0
0 0
1 1
0 0
0 0
1 2
1 3
1 1
0 0
-1 133
0 0
0 0
-1 8
0 0
1 1
0 0
1 18
1 73
-1 7
-1 -3
0 0
1 1
1 5
1 5
-1 3
-1 82
1 2
1 17
1 18
0 0
-1 14
1 23
1 1
1 195
1 4
1 17
1 1
0 0
0 0
-1 182
0 0
1 2
0 0
-1 10
1 89
0 0
1 1
-1 16
0 0
0 0
1 109
-1 49
1 39
0 0
0 0
1 44
1 19
1 2
1 53
-1 29
1 11
1 10
1 33
1 154
1 9
1 24
1 22
1 19
1 33
1 38
-1 32
-1 74
-1 10
0 0
1 9
0 0
1 226
1 197
1 9
1 5
0 0
-1 -7
1 33
0 0
1 93
1 12
0 0
0 0
0 0
1 4
1 98
0 0
1 3
0 0
0 0
1 26
-1 6
0 0
0 0
0 0
1 22
1 14
-1 439
0 0
1 15
-1 2
1 0
-1 7
1 1
1 5
0 0
-1 6
0 0
1 3
1 8
1 248
1 3
-1 11
1 5
1 13
-1 1
1 1
1 5
0 0
0 0
0 0
0 0
0 0
1 26
-1 200
1 1
0 0
0 0
0 0
0 0
-1 23
0 0
-1 9
1 243
1 5
1 9
0 0
1 16
-1 13
1 4
0 0
0 0
1 49
1 149
0 0
0 0
-1 27
0 0
1 4
-1 58
0 0
-1 -1
0 0
1 29
1 15
-1 49
1 31
0 0
1 3
-1 -5
1 354
1 3
1 25
1 2
0 0
1 19
1 14
1 113
-1 7
1 75
1 1
1 193
-1 11
0 0
1 10
-1 4
0 0
-1 29
1 2
-1 5
-1 2
1 17
1 59
0 0
-1 44
0 0
0 0
1 12
-1 168
1 8
0 0
0 0
0 0
1 84
1 32
1 36
1 159
1 2
1 11
1 26
-1 16
0 0
1 51
1 2
0 0
-1 2
-1 -1
0 0
1 17
1 9
1 129
-1 17
1 101
1 17
0 0
1 60
1 53
1 16
1 213
0 0
0 0
0 0
0 0
0 0
1 7
1 168
1 26
0 0
1 13
-1 24
0 0
0 0
1 37
0 0
1 11
1 30
0 0
0 0
-1 9
-1 137
1 12
1 50
0 0
0 0
1 38
-1 11
1 127
0 0
1 32
1 10
1 50
0 0
0 14
1 13
0 0
-1 4
0 0
1 3
1 393
1 5
1 39
-1 11
0 0
1 98
0 0
0 0
1 6
1 19
1 231
1 17
1 9
1 22
0 0
1 11
1 208
0 0
1 68
0 0
0 0
1 37
1 73
1 8
1 13
1 266
-1 4
1 16
0 0
0 0
1 26
0 0
-1 15
1 53
1 31
-1 -14
1 215
1 9
1 9
0 0
0 0
1 11
1 11
1 5
1 42
-1 10
1 10
1 15
-1 53
1 129
0 0
1 83
1 1
1 4
-1 123
1 8
1 52
1 6
1 2
0 0
0 0
-1 11
0 0
1 49
1 71
1 35
-1 1
1 11
-1 15
1 2
1 19
0 0
1 29
1 24
1 22
1 34
0 0
-1 20
1 6
0 0
1 197
-1 5
1 2
0 0
1 53
-1 39
1 10
-1 -4
1 2
1 19
1 20
1 55
0 0
1 197
1 26
1 195
-1 12
0 0
0 0
1 9
1 86
1 9
0 0
1 12
1 8
0 0
0 0
0 0
-1 15
0 0
-1 22
0 0
0 0
-1 -3
1 264
0 0
1 14
1 42
0 0
1 6
1 11
0 0
-1 106
1 5
0 0
1 14
-1 26
0 0
0 0
-1 14
1 39
1 26
1 4
1 30
1 4
1 14
0 0
1 47
1 21
-1 6
0 0
0 0
1 3
1 3
1 7
1 6
-1 7
1 48
1 3
1 456
1 6
0 0
1 4
-1 2
1 50
1 2
-1 5
1 67
1 10
1 76
-1 8
1 180
1 22
0 0
1 51
1 2
0 0
0 0
0 0
1 9
-1 -2
0 0
1 61
1 321
1 3
-1 18
0 0
-1 8
-1 13
1 63
-1 3
1 9
1 40
1 13
1 25
1 2
1 4
-1 39
1 10
0 0
-1 -4
0 0
-1 66
1 6
-1 2
0 0
0 0
1 84
0 0
0 0
1 12
0 0
0 0
1 35
1 3
0 0
1 37
1 96
0 0
1 19
-1 -3
0 0
1 3
-1 8
1 674
1 8
1 28
1 7
0 0
0 0
0 0
0 0
0 0
1 22
1 2
1 2
1 94
1 6
1 48
1 4
0 0
-1 11
-1 22
0 0
0 0
-1 -5
0 0
1 26
-1 -15
0 0
0 0
-1 165
-1 21
-1 9
1 187
-1 -48
1 80
1 19
-1 27
1 3
1 1
1 7
0 0
1 76
-1 71
1 15
0 0
1 1
1 23
0 0
0 0
1 12
1 17
1 25
-1 8
1 10
1 41
1 103
-1 24
0 0
1 10
1 4
0 0
0 0
1 21
1 6
1 3
1 3
1 9
1 115
0 0
1 9
1 11
1 4
0 0
0 0
-1 21
-1 242
1 2
1 1
1 130
1 14
0 0
1 14
-1 57
-1 17
1 30
1 3
1 92
1 14
1 3
1 10
0 0
1 21
1 72
1 70
1 52
-1 15
1 14
1 7
1 19
0 0
-1 7
1 9
0 0
0 0
0 0
1 34
1 50
1 6
1 3
1 10
1 150
-1 1
0 0
1 4
1 16
1 1
1 20
1 13
1 52
1 400
1 65
1 3
1 4
1 26
-1 6
1 22
1 37
1 8
1 71
1 4
1 7
-1 34
1 23
0 80
1 15
1 39
1 3
1 10
1 1
1 1
-1 15
1 32
1 6
1 6
1 22
-1 6
1 14
1 210
0 0
0 0
0 25
1 6
0 0
1 76
1 10
1 29
0 0
1 91
1 89
0 0
0 0
0 0
1 22
-1 5
-1 21
-1 104
0 0
1 36
0 0
1 5
1 122
1 3
-1 53
0 0
0 0
1 109
-1 12
1 4
1 11
1 27
1 10
1 2
1 2
1 1
0 0
0 0
1 1
0 0
1 7
0 0
1 1
1 5
1 42
1 6
1 15
-1 11
-1 8
1 39
0 0
1 19
-1 5
0 0
1 8
1 382
-1 57
-1 8
1 10
1 29
-1 13
-1 43
-1 7
1 62
1 10
1 36
1 164
-1 39
1 8
1 1
-1 4
-1 65
1 1
0 0
1 16
1 9
1 3
-1 7
1 174
0 0
0 0
1 5
-1 3
1 8
1 32
0 0
1 166
0 0
1 11
1 104
1 108
-1 2
1 84
1 71
1 87
0 0
1 5
0 0
1 60
-1 7
-1 5
-1 23
1 384
0 0
0 0
-1 10
1 26
1 1
0 0
1 190
1 30
0 0
-1 2
0 0
1 127
1 12
1 29
1 79
1 2
1 193
-1 7
1 7
1 46
0 0
1 9
1 13
1 132
0 0
1 8
0 0
1 8
1 3
0 0
-1 6
1 2
-1 23
1 21
-1 4
1 657
-1 6
1 6
0 0
-1 23
1 109
1 2
-1 2
-1 8
1 16
1 150
1 3
1 162
1 6
1 161
1 2
-1 15
1 55
1 21
1 33
-1 30
-1 21
0 0
-1 -18
-1 11
1 16
1 605
0 0
-1 9
0 0
0 0
-1 21
1 112
1 134
1 146
-1 27
-1 17
1 83
0 0
-1 12
1 3
1 5
1 6
1 35
1 23
1 24
1 105
1 21
1 65
-1 12
1 9
1 4
1 25
1 24
0 0
-1 6
1 10
1 402
1 198
1 21
0 0
1 6
1 3
0 0
1 58
1 14
-1 1
-1 1
1 43
0 0
-1 12
1 5
1 9
0 0
1 26
1 252
0 0
1 17
0 0
-1 6
1 9
1 14
0 0
0 0
1 11
0 0
-1 5
-1 7
-1 1
1 38
1 27
1 123
0 0
1 2
-1 32
1 133
1 10
1 18
1 16
-1 17
0 0
1 5
1 181
0 0
0 0
1 21
0 0
1 170
1 19
1 6
1 163
0 0
0 0
0 0
1 474
1 115
1 122
0 0
-1 2
-1 10
-1 24
-1 1
1 6
0 0

0 0
-1 12
0 0
-1 -4
0 0
1 12
0 0
1 81
-1 -16
-1 32
1 26
1 76
1 54
0 0
0 0
1 7
1 39
-1 67
1 86
1 18
1 6
1 8
1 16
0 0
1 9
1 12
-1 195
1 13
0 0
1 12
-1 31
1 58
0 0
-1 5
1 13
1 40
1 42
-1 30
1 4
0 0
-1 31
1 3
-1 3
-1 21
1 11
-1 11
0 0
1 33
1 418
1 128
0 0
1 59
1 9
0 0
1 7
0 0
0 0
1 147
0 0
-1 6
1 26
0 0
-1 10
-1 7
1 19
1 26
1 6
1 28
0 0
1 13
-1 3
1 67
1 182
1 340
0 0
1 341
-1 14
1 77
1 148
1 4
0 0
-1 265
1 53
0 0
0 0
1 19
0 0
1 225
1 6
-1 14
0 0
0 0
1 661
0 0
1 47
0 39
0 0
1 11
-1 18
1 25
0 0
1 486
1 42
0 0
1 126
1 15
1 8
1 49
-1 53
0 0
0 0
0 0
0 0
0 0
1 3
0 0
1 15
-1 37
1 7
-1 27
0 0
0 0
1 15
-1 4
0 0
0 0
0 0
0 0
0 0
1 2
-1 111
0 0
1 66
1 15
1 4
1 68
-1 85
1 16
1 5
1 5
1 300
-1 27
1 3
1 10
1 145
1 8
1 3
1 30
-1 -2
1 11
1 6
1 22
1 16
1 76
1 89
0 0
1 13
1 1
0 0
1 19
1 118
1 51
1 81
1 8
1 2
1 6
1 4
0 0
0 8
1 3
1 20
1 19
1 5
1 97
1 286
1 38
1 73
1 23
1 104
1 6
1 39
-1 -5
1 1
-1 58
1 137
-1 5
1 36
0 0
1 4
1 186
0 0
1 3
1 362
1 7
1 31
1 19
1 7
1 25
1 29
-1 -8
1 8
0 20
1 114
-1 6
0 0
1 384
-1 -10
1 113
1 33
1 11
1 118
1 12
1 2
0 0
1 12
1 1
1 0
0 0
-1 539
1 29
0 0
0 0
1 61
0 0
1 23
0 0
-1 1
1 28
1 13
-1 9
1 1052
1 11
-1 1
1 51
1 5
1 400
1 1
0 0
1 71
-1 16
1 42
1 1
-1 22
1 535
1 2
1 2
0 0
-1 4
-1 11
1 253
0 0
-1 17
1 67
0 0
1 14
0 0
-1 15
1 17
1 4
1 179
1 2
1 19
-1 46
-1 2
-1 12
1 2
1 63
0 0
1 11

1 4
-1 15
1 32
0 0
0 0
1 389
1 2
-1 19
-1 19
1 89
1 1
1 2
-1 21
1 13
1 2
1 11
0 0
1 4
1 19
-1 15
1 2

1 4
0 0
0 0
1 0
0 0
-1 4
1 20
0 0
0 0
-1 667
1 19
-1 13
1 7
1 252
-1 20
-1 22
1 86
1 66
-1 25
1 5
1 10
1 4
-1 362
0 0
0 0
-1 20
1 20
1 5
1 2
1 44
1 10
1 1
-1 12
1 97
-1 19
1 18
0 0
0 0
1 14
1 7
1 372
0 0
-1 1
-1 1
1 27
1 14
0 0
-1 17
0 0
1 22
1 3
0 0
0 0
1 8
1 151
0 0
-1 8
1 108
1 1
-1 161
-1 17
-1 19
0 0
0 0
0 0
0 0
1 13
1 606
1 4
0 0
-1 3
1 2
1 10
-1 7
1 121
1 31
1 11
-1 17
1 286
-1 8
-1 17
-1 -47
-1 4
0 0
1 6
-1 10
-1 19
1 4
0 0
0 0
1 95
1 13
0 0
1 177
1 157
-1 12
1 53
0 0
1 103
0 0

0 0
0 0
0 0
0 0
-1 18
1 37
0 0
1 181
0 0
1 28
-1 10
1 93
1 33
-1 2
1 21
0 0

1 5
0 0
1 5
1 188
1 5
-1 12
1 14
1 44
-1 17
1 4
-1 37
-1 12
-1 1
1 3
1 1
1 10
1 4
-1 1
-1 1
1 4
1 9
1 62
1 29
1 68
1 12
0 0
1 2
0 0
1 10
1 62
0 0
-1 15
1 12
1 18
1 12
1 25
0 0
0 0
1 80
0 0
0 0
-1 142
1 384
-1 27
1 55
1 4
1 8
-1 15
1 230
1 47
1 43
0 0
1 509
-1 6
0 0
-1 26
-1 -7
1 24
1 2
1 56
1 11
0 0
-1 6
1 4
0 0
0 0
1 198
1 7
0 0
1 38
1 17
1 11
1 2
0 0
1 101
-1 7
1 16
1 127
1 7
1 78
1 59
1 6
-1 -7
1 61
1 7
1 13
-1 14
-1 23
1 3
1 2
-1 -17
1 33
0 0
1 148
1 9
1 10
1 24
0 0
1 8
-1 1
0 0
1 5
1 4
1 49
0 0
1 40
1 5
-1 -1
1 4
1 132
-1 14
-1 -2
-1 32
1 4
1 39
1 4
1 3
-1 10
1 17
-1 13
1 14
0 0
-1 37
1 288
1 4
0 0
-1 17
1 671
-1 10
1 3
1 12
1 4
1 34
-1 4
-1 29
-1 2
1 236
0 0
0 0
0 0
0 0
1 1
-1 35
-1 42
0 0
0 0
-1 1
-1 58
-1 8
1 8
-1 2
-1 19
0 0
-1 98
0 0
0 0
-1 21
1 2
1 22
0 0
1 50
1 2
1 2
1 3
1 25
-1 199
0 0
1 18
0 0
0 0
1 4
0 0
-1 21
0 0
1 147
-1 72
1 7
0 0
-1 2
1 164
1 22
0 0
1 13
-1 10
1 57
-1 2
1 185
-1 262
1 7
1 47
-1 0
1 110
1 36
0 0
0 0
-1 4
-1 16
0 0
0 0
1 4
1 9
1 2
1 6
1 153
0 0
1 8
-1 28
1 17
1 17
-1 8
0 0
-1 42
0 0
1 7
1 1
1 45
1 301
-1 7
0 0
1 19
1 4
1 41
0 0
1 7
0 0
0 0
1 81
-1 5
1 2
1 7
1 29
-1 19
-1 6
1 16
1 85
1 1
-1 156
0 0
1 5
1 18
1 1
-1 22
1 76
1 4
0 0
1 298
1 25
1 17
1 212
1 23
-1 7
1 51
-1 -15
1 30
0 0
0 0
0 0
-1 10
0 0
1 6
0 0
1 8
-1 54
0 0
-1 26
1 21
1 3
0 0
1 21
-1 8
1 97
1 113
-1 -6
-1 -6
0 0
-1 3
0 0
1 10
-1 1
1 53
1 17
-1 199
-1 4
1 3
1 14
1 85
0 0
0 0
0 0
1 358
1 1
0 0
0 0
1 143
0 0
1 1
1 13
0 0
1 27
0 0
-1 36
1 57
0 0
1 5
1 9
1 6
-1 25
-1 2
-1 145
-1 7
1 4
-1 18
1 31
0 28
-1 -2
1 6
0 0
1 6
1 26
0 0
0 0
1 4
0 0
1 4
1 25
1 2
0 0
1 201
0 0
-1 43
-1 8
0 0
1 13
1 295
-1 71
1 14
-1 9
1 120
1 113
1 19
1 32
-1 81
0 0
1 8
-1 7
-1 55
1 20
1 200
0 0
-1 8
1 41
0 0
1 59
1 14
1 7
1 27
-1 26
-1 56
1 18
-1 53
1 35
1 22
1 4
0 0
1 24
1 180
-1 4
1 97
0 0
1 16
-1 6
1 22
-1 7
1 11
-1 -12
1 296
-1 3
1 9
-1 22
-1 15
-1 273
1 45
-1 13
1 33
0 0
-1 24
-1 -4
-1 2
1 505
1 3
0 0
1 2
1 17
-1 6
1 164
0 0
-1 3
1 9
-1 29
1 7
-1 56
1 9
-1 4
-1 17
-1 1
1 183
-1 18
1 9
0 0
1 261
-1 2
1 38
-1 10
0 0
1 200
-1 5
-1 4
1 20
1 94
0 0
1 9
1 18
-1 4
0 0
-1 6
1 13
1 107
1 7
1 44
-1 14
1 20
1 93
0 0
0 0
1 10
0 0
-1 -3
1 21
-1 44
0 0
1 50
-1 25
1 27
0 0
1 125
0 0
-1 26
1 13
1 162
1 10
1 13
1 13
1 19
0 0
-1 314
1 14
1 41
0 0
-1 233
0 0
-1 -2
0 0
1 82
1 34
-1 6
1 1
0 0
-1 480
1 11
1 14
1 159
1 2
1 8
0 0
1 6
-1 40
0 0
-1 8
0 0
-1 220
0 0
0 0
1 31
1 69
1 8
1 4
0 0
1 5
1 84
1 98
1 28
0 0
-1 66
-1 -1
0 0
1 4
1 4
-1 18
1 26
1 4
0 0
1 273
0 0
1 7
-1 30
1 55
-1 18
1 47
-1 12
1 17
1 9
-1 7
1 7
0 0
-1 21
1 103
1 23
1 101
-1 2
1 19
0 0
0 0

1 8
1 2
-1 32
1 10
-1 7
1 6
1 40
-1 10
0 0
0 0
1 9
1 52
1 7
1 408
-1 10
1 55
-1 22
-1 4
-1 112
1 59
1 5
0 0
1 4
0 0
1 28

0 0
1 48
-1 44
-1 7
0 0
-1 98
1 48
1 71
0 0
-1 14
1 10
1 9
-1 7
1 13
0 0
1 11
1 6
1 244
0 0
-1 10
1 14
1 1
-1 20
-1 6
0 0
1 8
1 7
1 2
0 0
1 12
0 0
1 10
1 35
-1 12
0 0
0 0
1 2
1 6
1 24
-1 6
1 25
0 0
-1 21
1 104
0 0
1 10
1 4
1 43
1 33
0 10
0 0
0 0
1 10
1 18
-1 8
0 0
0 0
1 15
1 40
1 2
0 0
1 15
1 119
-1 56
0 0
1 147
-1 0
1 6
1 5
-1 14
1 23
1 24
-1 56
-1 -24
0 0
1 103
-1 7
0 0
0 0
-1 21
-1 -4
1 41
1 3
1 15
1 60
0 0
1 26
1 4
1 1
1 6
1 6
1 6
1 4
1 35
-1 156
-1 13
0 0
1 150
-1 9
-1 -5
1 16
1 5
1 461
1 49
0 0
-1 7
-1 -17
1 15
1 4
-1 19
1 18
-1 5
0 0
1 176
-1 112
0 0
1 11
1 264
0 0
0 0
-1 -3
0 0
1 12
1 4
0 0
1 16
0 0
-1 57
-1 15
1 3
-1 46
1 290
1 103
0 0
0 0
0 0
0 0
0 0
1 13
-1 10
1 22
-1 41
1 23
0 0
-1 -1
-1 6
1 76
0 0
-1 -10
1 14
1 5
1 129
0 0
1 13
0 0
-1 9
1 7
0 0
-1 16
0 0
0 0
1 14
-1 124
1 11
1 12
1 67
1 55
-1 13
1 27
1 11
1 200
0 0
1 69
1 5
-1 63
1 23
-1 65
0 0
-1 3
1 3
1 2
1 67
1 19
1 14
1 29
1 4
-1 2
0 0
1 1
1 3
-1 7
1 37
0 0
0 0
1 53
-1 -8
-1 8
1 15
0 0
-1 8
0 0
0 0
1 8
-1 2
-1 17
1 77
-1 4
1 18
0 0
1 9
1 10
0 0
-1 5
1 39
1 1
1 24
0 0
-1 23
-1 194
0 0
1 5
1 3
1 43
0 0
1 21
0 0
1 221
0 0
1 21
0 0
1 44
1 322
-1 14
1 152
1 23
-1 29
1 23
1 38
1 2
1 543
1 4
-1 14
1 10
1 17
1 64
1 13
1 10
-1 -2
1 18
-1 1
1 2
-1 11
-1 19
1 33
1 7
4
-1 3
1 2
1 3
-1 45
1 117
1 35
0 0
1 26
1 27
-1 15
1 103
1 4
1 10
-1 46
1 2
-1 54
-1 33
1 41
1 235
0 0
0 0
1 186
-1 17
1 22
1 32
1 393
1 15
1 7
-1 51
1 29
-1 15
0 0
-1 32
1 232
0 0
-1 41
1 24
1 13
1 15
1 58
1 32
-1 -2
1 3
1 11
1 5
-1 230
1 28
0 0
1 106
1 15
1 23
0 0
-1 21
-1 2
-1 -1
1 54
-1 15
1 7
1 86
-1 8
1 51
1 114
1 153
0 0
0 0
0 0
-1 38
-1 8
0 0
0 0
0 0
-1 5
1 35
0 0
-1 18
-1 21
0 0
0 0
1 92
-1 13
1 2
-1 23
1 10
1 7
-1 34
1 17
-1 -1
1 225
-1 16
1 2
0 0
1 58
-1 7
1 45
1 47
0 0
0 0
1 110
1 2
1 5
1 5
0 0
1 11
0 0
0 0
0 0
0 0
1 96
-1 -8
1 102
1 116
1 85
0 0
-1 27
1 33
1 11
-1 74
0 0
0 0
1 7
1 9
-1 -9
-1 20
0 0
0 0
1 66
-1 -4
-1 -6
1 19
1 11
-1 41
1 187
0 0
1 44
1 4
0 0
0 0
0 0
1 7
-1 2
1 20
-1 39
1 141
1 56
0 0
1 78
1 63
1 7
-1 16
1 14
1 3
0 0
1 30
1 18
-1 6
0 0
-1 39
0 54
1 4
-1 34
1 94
1 36
-1 26
-1 4
-1 25
0 0
0 0
1 72
1 87
-1 10
-1 16
1 10
1 2
-1 37
1 22
-1 1
1 9
-1 17
1 65
1 2
0 0
0 0
-1 6
1 4
1 15
-1 20
1 25
-1 1
1 52
1 13
-1 7
0 0
0 0
0 0
0 0
0 0
0 0
1 1
1 13
-1 9
0 0
0 0
-1 -7
0 0
0 0
0 0
0 0
-1 61
1 17
-1 15
1 1
1 5
1 2
-1 -30
1 5
1 9
1 2
1 10
1 7
1 63
1 12
0 0
1 12
-1 61
1 15
1 8
0 0
1 10
1 11
1 1
1 98
0 0
-1 17
1 5
1 12
0 0
1 6
1 37
-1 11
1 7
0 0
0 0
1 39
0 0
0 0
1 4
1 21
1 12
-1 9
-1 16
-1 4
0 0
0 0
0 0
-1 24
-1 7
-1 18
1 13
0 0
-1 8
-1 1
0 0
-1 15
-1 1
1 30
-1 7
0 0
0 0
0 0
-1 85
0 0
-1 19
1 35
1 24
-1 7
0 0
1 34
1 1
1 11
-1 8
1 4
1 10
1 20
0 0
0 0
1 14
0 0
-1 35
1 13
1 4
1 12
-1 32
-1 35
-1 44
0 8
1 17
1 30
-1 6
0 0
1 84
1 8
-1 16
1 11
0 0
-1 78
-1 3
1 4
-1 21
1 63
1 9
1 28
-1 -8
0 0
1 5
0 0
-1 34
1 42
1 26
0 0
1 45
-1 12
0 0
0 0
0 0
1 22
0 0
1 126
1 13
0 0
1 4
-1 15
0 0
0 0
1 5
-1 58
0 0
1 17
-1 8
-1 76
1 51
1 37
1 30
1 5
1 46
1 67
0 0
-1 8
-1 1
-1 10
0 0
-1 8
1 19
-1 -2
-1 -3
0 0
1 13
1 1
1 17
1 7
-1 6
0 14
1 9
-1 15
0 0
0 0
1 2
0 0
-1 11
1 6
1 1
1 5
-1 4
0 0
1 44
-1 24
0 0
1 27
1 35
1 2
1 3
1 14
1 12
1 11
1 48
1 100
0 0
1 65
1 101
1 52
1 38
0 0
-1 6
0 93
-1 -2
0 0
0 0
-1 50
0 0
-1 6
0 0
1 8
-1 26
1 91
-1 39
1 4
0 0
0 0
1 38
0 0
0 0
-1 -2
0 0
1 3
1 19
1 3
0 0
-1 -5
1 7
1 29
0 0
1 2
1 20
-1 3
0 0
-1 7
0 0
0 0
0 0
-1 39
0 0
-1 8
-1 -9
0 0
1 13
1 18
0 0
0 0
1 3
0 0
-1 13
0 0
0 0
0 0
-1 2
1 12
1 15
0 0
1 13
1 47
0 0
1 5
0 0
1 5
1 26
1 11
1 3
1 3
-1 9
-1 12
0 0
-1 34
-1 29
0 0
0 0
-1 18
-1 45
1 14
0 0
-1 22
1 11
0 0
-1 11
-1 27
1 64
0 0
1 19
0 0
0 0
0 0
0 0
1 13
1 15
1 62
1 3
0 0
0 0
1 4
1 12
1 21
-1 14
1 17
-1 45
-1 22
1 5
1 6
1 22
1 197
-1 33
1 6
0 32
0 0
0 0
0 0
1 2
0 0
0 0
-1 3
1 11
1 23
1 31
0 0
-1 11
-1 26
0 0
1 29
1 72
1 3
-1 44
0 0
0 0
1 16
0 0
1 1
1 6
1 20
1 32
-1 -1
1 5
-1 260
0 0
1 2
1 17
1 9
-1 13
0 0
-1 16
-1 28
1 4
1 47
1 97
1 4
0 0
0 0
-1 426
1 117
-1 6
-1 44
-1 73
-1 20
0 0
0 0
-1 50
1 31
1 8
1 132
0 0
-1 5
0 0
1 422
1 4
1 11
0 0
0 0
1 76
-1 3
1 67
-1 1
0 0
1 11
-1 -3
1 9
1 1
-1 48
1 50
0 0
0 0
0 0
0 0
0 0
1 13
1 28
1 5
1 12
0 0
-1 10
0 0
1 18
-1 7
1 4
1 3
0 0
-1 74
1 46
1 47
0 0
-1 1
0 0
0 0
0 0
1 4
-1 76
1 3
-1 -3
0 0
1 20
1 7
0 0
1 41
-1 12
1 9
0 0
-1 -8
-1 30
1 1
1 24
0 0
-1 2
1 88
1 5
1 20
-1 33
1 4
0 0
1 14
-1 6
0 0
0 0
-1 3
-1 17
-1 14
0 0
-1 19
0 0
-1 7
0 0
1 2
0 0
0 0
1 16
0 0
-1 -7
1 6
-1 -1
-1 7
1 15
-1 17
-1 29
1 63
0 0
0 0
1 3
0 0
1 3
1 5
1 30
0 0
-1 8
-1 3
0 0
-1 2
1 1
1 9
-1 17
1 25
0 0
1 4
1 86
0 0
-1 -4
0 0
0 0
1 10
1 19
1 61
-1 22
-1 45
-1 19
-1 8
0 0
1 13
1 11
0 0
0 0
0 0
0 0
0 0
-1 37
-1 34
0 0
-1 7
0 0
1 7
0 0
-1 21
-1 4
1 4
1 36
1 15
-1 13
1 3
1 10
0 0
-1 24
-1 5
1 2
1 4
0 0
0 0
0 0
1 13
1 3
1 42
1 5
1 36
-1 6
1 4
-1 1
1 39
0 0
-1 6
-1 11
1 27
-1 2
-1 26
-1 4
1 15
-1 13
-1 43
-1 17
1 2
-1 8
0 0
1 12
1 42
1 68
1 22
-1 15
0 0
1 43
0 0
1 13
1 98
1 31
0 0
0 0
1 27
-1 49
1 42
1 40
0 0
1 12
-1 6
1 55
0 0
1 3
1 19
0 0
1 21
1 60
-1 21
1 20
-1 36
1 6
-1 14
-1 4
-1 53
1 22
0 0
0 0
0 0
0 0
-1 -2
1 2
-1 15
0 0
1 39
1 14
-1 8
1 3
1 6
1 48
-1 6
-1 43
-1 45
0 0
0 0
1 22
1 29
-1 224
1 46
-1 3
-1 1
1 10
1 6
1 36
-1 27
0 0
1 8
0 0
0 0
1 8
0 0
0 0
0 0
0 0
1 1
-1 7
1 40
1 30
-1 15
-1 37
1 34
1 45
1 26
-1 18
1 70
1 1
-1 45
-1 140
1 120
-1 4
1 2
-1 13
-1 6
-1 16
0 0
0 0
1 4
-1 35
0 0
1 26
1 16
1 10
-1 3
-1 2
1 21
-1 13
1 2
1 3
1 2
0 0
1 22
-1 3
0 0
0 0
0 0
0 0
-1 87
1 24
1 13
0 0
-1 6
-1 15
-1 6
0 0
1 10
-1 14
1 29
-1 25
0 0
0 0
0 0
-1 16
1 5
1 52
-1 29
1 9
-1 -14
-1 3
1 1
0 0
0 0
0 0
0 0
1 112
0 0
1 10
-1 9
1 18
1 199
-1 53
1 34
1 2
-1 -7
1 42
-1 25
-1 9
1 26
0 0
1 29
1 31
1 2
0 0
0 0
1 8
0 0
0 0
0 0
1 5
1 40
0 0
1 83
-1 19
-1 -1
0 0
1 4
-1 30
-1 36
-1 -4
1 32
1 9
1 39
1 40
-1 7
-1 7
1 11
1 37
-1 3
1 15
0 0
1 7
-1 36
-1 36
0 0
-1 98
1 9
1 12
1 4
-1 12
1 164
-1 7
1 104
0 0
1 3
0 0
-1 2
0 0
0 0
1 27
1 4
1 4
-1 30
1 1
-1 48
1 9
1 14
1 6
1 30
-1 35
1 11
0 0
1 17
1 12
-1 7
1 33
1 2
1 5
1 8
1 6
0 0
-1 8
0 0
1 2
-1 -29
0 0
1 37
1 5
0 0
1 12
1 19
0 0
0 0
0 0
-1 7
0 0
1 5
-1 38
1 15
-1 32
-1 91
-1 100
-1 71
1 19
1 32
-1 4
0 0
-1 17
0 0
-1 79
1 11
-1 7
-1 18
-1 52
1 17
-1 -19
1 17
1 6
0 0
1 7
1 21
1 18
0 0
1 3
0 0
1 6
1 6
0 0
1 333
-1 43
1 31
-1 18
1 1
1 26
1 25
0 0
1 26
-1 158
1 23
1 102
1 55
1 11
-1 -11
-1 15
0 0
1 15
1 18
0 0
0 0
1 6
-1 2
1 8
0 0
1 7
-1 29
0 0
0 0
1 1
1 43
0 0
-1 13
1 28
1 28
1 23
0 0
1 6
1 16
1 6
-1 38
1 51
0 0
-1 45
1 36
1 5
1 2
0 0
1 34
-1 1
1 8
1 60
-1 2
1 19
-1 -1
0 0
0 0
-1 13
1 2
0 0
0 0
0 0
-1 23
0 0
1 21
-1 11
1 19
0 0
0 0
1 19
-1 20
1 8
-1 11
0 0
1 4
1 6
1 34
0 0
0 0
1 2
-1 -1
0 0
0 0
-1 76
1 8
-1 8
1 3
1 31
1 4
-1 17
-1 7
-1 37
0 0
1 18
0 0
1 7
0 0
-1 8
1 4
0 0
1 9
0 0
0 0
-1 8
0 0
-1 6
1 4
1 2
-1 21
-1 31
0 0
-1 31
0 0
1 4
1 6
-1 19
1 1
-1 22
-1 16
1 10
1 32
0 0
-1 6
1 9
1 24
1 34
0 0
1 19
1 68
1 11
0 0
-1 11
1 16
1 5
-1 5
1 10
1 6
-1 57
1 31
-1 45
1 7
0 0
1 7
1 6
0 0
1 4
1 11
-1 -3
0 0
1 18
0 0
-1 41
1 5
-1 6
1 6
0 0
0 0
0 0
1 8
1 24
1 7
1 10
0 0
1 2
1 5
0 0
1 2
1 14
1 29
0 0
1 24
1 34
1 101
1 6
1 28
0 0
-1 5
1 4
1 20
1 48
1 5
0 0
1 24
0 0
1 10
0 0
-1 10
0 0
0 0
1 78
1 3
1 14
1 10
1 9
-1 2
1 9
1 21
0 0
1 17
0 0
0 0
1 25
1 98
1 19
1 44
1 16
1 49
-1 9
1 13
-1 1
1 57
-1 46
1 6
-1 81
1 30
1 4
-1 13
1 29
1 22
1 26
1 24
0 0
1 6
1 12
1 15
1 34
1 82
1 134
0 10
1 27
1 212
0 0
1 3
1 7
-1 9
0 0
1 4
0 0
0 0
1 11
1 18
1 31
1 6
1 2
0 0
1 127
-1 14
-1 27
0 0
0 0
1 2
-1 14
1 25
1 15
1 23
1 5
0 0
0 0
1 22
1 19
-1 4
0 0
0 0
-1 5
1 2
0 0
1 5
1 22
-1 3
0 0
-1 50
-1 -15
0 0
1 17
1 111
-1 4
0 0
1 56
0 0
0 0
1 70
0 0
1 59
1 5
-1 8
1 1
1 8
-1 7
-1 1
1 4
1 64
0 0
0 0
-1 16
1 26
-1 9
0 0
1 21
-1 53
0 0
1 7
1 7
0 0
1 48
-1 50
0 0
0 0
0 0
-1 6
1 21
1 41
1 4
1 4
0 0
1 27
0 0
1 4
0 0
-1 8
1 1
0 0
1 23
0 0
-1 18
0 0
1 10
-1 12
0 0
1 23
-1 32
-1 20
1 52
1 24
1 10
1 18
0 0
1 28
0 0
1 64
1 32
-1 7
0 0
1 25
0 0
0 0
0 0
-1 25
-1 52
1 7
1 2
-1 10
-1 3
1 30
1 65
1 61
0 0
1 11
1 7
1 191
-1 4
-1 14
-1 9
1 17
0 0
-1 16
0 0
0 0
1 6
-1 7
0 0
0 0
1 145
1 23
0 0
0 0
-1 8
1 7
0 0
0 0
-1 14
0 0
-1 5
1 2
-1 15
1 25
0 0
-1 14
0 0
1 14
-1 8
0 0
0 0
0 0
0 0
1 61
-1 7
-1 16
-1 9
-1 7
-1 1
0 0
0 0
-1 11
-1 17
0 0
1 8
-1 27
1 10
0 0
0 0
0 0
0 0
-1 14
-1 7
0 0
-1 32
0 0
1 31
1 12
-1 8
1 33
1 4
-1 6
-1 12
1 9
1 4
1 11
1 34
1 2
1 31
-1 28
0 0
0 0
0 0
0 0
1 4
0 0
0 0
0 0
0 0
0 0
-1 16
1 42
1 13
1 14
-1 15
1 115
1 10
0 0
0 0
0 0
0 0
-1 2
-1 1
0 0
-1 14
-1 3
0 0
-1 90
-1 -27
0 0
-1 3
1 4
0 0
1 16
0 0
1 15
1 2
1 21
1 29
0 0
0 0
1 31
0 0
1 6
-1 -12
1 41
0 0
1 14
1 65
0 0
0 0
0 0
-1 16
1 8
0 0
0 0
1 4
1 4
0 0
1 11
1 6
0 0
1 2
-1 14
1 10
0 0
0 0
-1 4
0 0
-1 10
1 3
0 0
1 2
-1 8
1 22
-1 14
1 40
1 14
0 0
1 5
0 0
-1 -1
-1 3
0 0
1 1
1 19
-1 19
0 0
1 55
0 0
0 0
-1 7
-1 5
1 107
0 0
1 164
0 0
0 0
1 8
1 33
1 11
-1 9
1 5
1 71
0 0
0 0
1 16
1 11
1 8
0 0
0 0
-1 8
1 3
1 1
1 36
0 0
0 0
0 0
0 0
0 0
1 2
0 0
1 8
0 0
0 0
-1 7
-1 6
1 10
1 2
1 1
1 126
1 36
1 4
-1 13
1 2
0 0
0 0
-1 22
0 0
0 0
1 23
1 25
1 5
0 0
1 16
-1 4
1 7
1 6
1 5
1 5
1 2
-1 47
1 14
1 10
0 0
0 0
-1 4
1 306
1 41
1 12
0 0
0 0
-1 12
-1 3
1 9
-1 11
1 33
0 0
1 6
1 14
1 29
1 25
1 100
1 1
0 0
0 0
-1 25
-1 5
0 0
1 19
0 0
0 0
1 39
-1 8
0 0
-1 -2
-1 9
1 3
1 2
1 4
0 0
1 34
0 0
-1 7
0 0
-1 4
-1 21
-1 -1
1 1
-1 -1
-1 4
1 46
-1 11
0 0
1 16
1 2
1 43
1 127
1 5
0 0
1 8
-1 27
1 3
1 3
1 7
1 2
-1 -1
-1 18
1 9
1 47
0 0
1 33
1 17
-1 28
1 4
1 2
-1 13
0 0
-1 1
0 0
0 0
-1 15
1 37
1 13
-1 1
1 21
1 28
0 0
0 0
0 0
0 0
-1 6
0 0
1 1
1 2
1 5
1 2
1 1
1 9
0 0
0 0
1 16
0 0
1 1
1 8
1 8
0 0
0 0
0 0
0 0
-1 6
1 12
1 14
0 0
0 28
0 0
1 61
-1 -1
0 0
1 6
0 0
-1 15
-1 23
1 9
1 5
1 1
1 16
0 0
-1 8
1 5
1 10
-1 1
1 1
0 0
0 0
-1 16
-1 10
0 0
1 48
1 25
-1 6
0 0
1 8
-1 5
-1 6
1 3
-1 7
1 6
1 8
0 0
-1 10
-1 6
-1 1
0 20
1 8
1 12
0 0
-1 -1
1 7
0 0
1 43
-1 19
1 22
0 0
1 7
1 17
0 0
0 0
1 11
1 85
1 24
-1 2
-1 7
0 0
0 0
0 0
1 9
-1 32
0 0
1 14
0 0
1 12
0 0
0 0
1 26
1 262
0 0
1 3
0 0
1 23
1 110
0 0
-1 23
0 0
0 0
-1 15
-1 2
1 42
1 20
1 6
1 5
0 0
0 0
-1 23
1 19
-1 34
-1 2
0 0
1 16
0 0
0 0
0 0
1 39
1 35
0 0
-1 4
1 6
1 22
1 64
0 0
-1 85
1 4
1 13
1 5
1 8
-1 12
-1 23
1 2
0 0
0 42
1 13
1 5
-1 10
0 0
1 21
1 2
0 0
1 7
0 0
1 36
-1 13
-1 1
1 207
1 7
0 0
-1 2
-1 6
1 3
0 0
1 14
1 12
1 8
1 16
0 0
0 0
0 0
1 18
1 2
1 187
1 16
1 6
1 14
1 1
-1 8
1 5
1 11
-1 6
1 14
1 9
-1 8
-1 2
0 0
1 1
-1 19
0 0
-1 3
1 12
-1 124
0 0
1 22
-1 4
1 9
0 0
1 2
-1 13
1 72
-1 2
-1 15
1 20
0 0
-1 -7
0 0
-1 8
1 6
0 0
-1 4
-1 4
1 87
0 0
1 5
-1 4
0 0
0 0
0 0
0 0
-1 3
-1 60
0 0
-1 7
0 0
1 3
0 0
0 0
0 0
1 62
1 35
0 0
0 0
1 92
1 2
-1 18
0 0
-1 9
-1 31
-1 12
0 0
1 7
0 0
1 14
1 22
0 0
1 64
1 55
-1 15
0 0
0 0
-1 1
-1 -3
1 13
1 63
1 43
1 24
-1 7
0 0
-1 35
0 0
0 0
1 6
1 3
0 0
1 21
0 0
-1 -8
0 0
1 61
0 0
0 0
0 0
1 4
1 81
1 13
1 23
0 0
1 17
1 3
0 0
0 0
1 26
1 31
1 36
0 0
0 0
0 0
1 10
0 0
-1 34
1 12
-1 21
1 100
0 0
0 0
-1 105
1 15
0 0
-1 9
1 17
-1 8
1 2
1 16
0 0
0 0
1 10
-1 8
0 0
1 10
-1 61
0 0
1 5
1 1
0 0
0 0
1 96
1 17
0 0
0 0
1 32
0 0
-1 10
1 57
-1 65
-1 5
-1 65
1 29
1 12
1 75
1 7
1 55
-1 5
-1 13
-1 27
1 36
0 0
-1 2
-1 22
-1 6
1 4
1 42
1 20
-1 10
1 26
-1 9
-1 6
0 0
1 76
1 11
1 9
1 21
1 11
-1 11
1 10
1 2
-1 50
1 10
-1 31
1 194
-1 15
0 0
1 4
-1 1
1 4
-1 46
1 18
0 0
-1 -3
1 2
-1 1
1 64
1 27
-1 53
-1 10
1 9
1 132
0 0
1 121
-1 22
0 0
1 2
-1 8
-1 2
0 0
1 12
0 0
1 2
0 0
0 0
1 37
-1 4
0 0
1 8
0 0
-1 7
0 0
1 21
0 0
1 1
1 2
-1 138
1 18
1 82
1 1
1 13
0 0
-1 61
0 0
1 18
1 4
-1 8
-1 19
1 14
0 0
1 6
1 2
0 0
-1 7
1 8
1 3
-1 6
-1 1
-1 29
1 5
1 2
0 0
1 14
0 0
-1 6
1 6
0 0
-1 1
0 0
-1 5
-1 6
1 7
0 0
1 47
0 0
0 0
0 0
-1 5
-1 11
0 0
-1 3
0 0
0 0
0 0
1 38
1 6
1 41
1 393
1 120
0 0
1 8
0 0
-1 26
0 0
1 45
1 3
1 6
1 24
0 0
0 0
1 24
1 12
1 17
0 0
1 225
0 0
0 0
1 17
0 0
0 0
0 0
0 0
0 0
0 0
1 4
0 0
0 0
-1 8
1 6
1 2
0 0
-1 4
-1 1
1 11
1 7
1 12
-1 59
0 0
-1 52
1 9
1 130
1 20
-1 26
0 0
1 4
0 0
0 0
1 17
1 5
0 0
1 16
0 0
1 12
-1 35
-1 8
1 6
0 0
1 13
0 0
1 6
1 15
1 10
0 0
0 0
0 0
0 0
0 0
0 0
0 0
1 9
1 14
1 16
0 0
1 4
0 0
1 29
1 6
1 48
0 0
-1 34
0 0
1 4
-1 13
1 9
1 96
1 20
1 50
0 0
0 0
1 3
-1 4
-1 31
-1 5
0 0
1 8
1 2
-1 6
1 31
1 8
1 2
0 0
0 0
1 1
0 56
-1 38
0 0
1 5
1 3
-1 8
1 4
1 14
0 0
-1 19
-1 9
0 0
-1 10
0 0
0 0
1 115
0 0
1 29
1 8
-1 13
1 6
-1 2
-1 88
0 0
1 35
-1 10
1 8
1 2
0 0
0 0
0 0
0 0
0 0
1 1
1 25
1 4
-1 39
0 0
0 0
1 4
-1 9
1 87
0 0
-1 17
0 0
-1 -7
1 22
-1 44
0 0
0 0
0 0
-1 31
0 0
0 0
-1 -15
0 0
1 5
0 0
-1 3
-1 27
0 0
1 84
-1 4
1 43
1 6
1 29
-1 11
0 0
-1 50
0 0
0 0
1 41
-1 1
0 0
0 0
-1 1
-1 4
-1 27
1 6
1 2
0 0
0 0
1 6
0 0
-1 43
-1 19
0 0
-1 -9
1 35
1 104
0 0
0 0
0 0
0 0
0 0
1 11
0 0
0 0
-1 21
1 29
1 26
1 14
-1 41
1 3
0 0
1 73
1 3
-1 36
0 0
1 10
-1 8
1 3
1 13
1 4
1 2
-1 11
0 0
-1 6
1 10
1 3
1 24
1 31
1 21
-1 16
1 45
1 11
1 13
0 0
1 2
1 71
-1 3
1 8
0 0
1 3
0 0
1 6
0 0
-1 -3
1 5
1 29
-1 28
1 19
0 0
0 0
0 0
1 4
0 0
-1 -4
0 21
1 5
-1 27
1 177
1 6
0 0
1 15
-1 0
1 3
0 0
1 4
1 11
-1 7
-1 6
1 144
1 5
0 0
-1 12
1 410
1 57
0 0
1 2
-1 8
1 6
1 9
-1 27
1 6
-1 21
0 0
1 40
-1 32
-1 7
1 11
-1 8
0 0
1 32
1 6
0 0
0 0
1 2
0 0
1 148
0 1
-1 3
0 0
1 2
1 12
-1 -2
1 6
1 17
1 8
0 0
0 0
1 25
0 0
0 0
1 17
0 0
-1 3
1 4
-1 2
1 41
1 25
1 111
0 0
-1 13
0 0
0 0
0 0
1 102
0 0
0 0
-1 19
0 0
1 3
1 63
0 0
-1 9
0 0
-1 9
0 0
0 0
1 29
0 0
1 21
0 0
1 29
1 1
0 0
-1 4
0 0
0 0
1 17
1 8
1 25
0 0
1 176
1 38
0 0
1 2
0 0
1 6
0 0
1 14
1 2
-1 16
1 13
1 2
1 13
1 8
0 0
1 1
-1 27
-1 1
1 13
0 0
1 8
0 0
1 18
0 0
0 0
1 10
-1 116
1 29
1 10
1 134
0 0
1 27
-1 36
0 0
-1 2
1 5
-1 9
0 0
-1 4
1 11
1 9
-1 1
1 4
0 0
-1 6
1 8
1 2
0 0
0 0
0 0
1 30
1 9
1 67
1 4
1 5
1 1
-1 5
0 0
1 5
0 0
-1 -2
-1 19
-1 11
1 15
1 43
1 24
1 19
0 0
1 3
1 21
1 61
0 0
1 32
1 13
1 64
-1 -3
1 27
1 4
-1 8
1 59
0 0
0 0
1 45
-1 15
1 25
1 7
1 20
1 352
1 10
-1 9
1 41
0 0
-1 332
1 8
1 79
1 9
1 4
0 0
1 96
1 244
1 6
-1 17
1 26
1 34
0 0
0 0
1 18
-1 10
1 3
1 5
-1 8
1 22
1 239
1 3
1 104
0 0
0 0
1 13
0 0
0 0
1 36
-1 10
-1 17
1 17
-1 13
1 19
-1 25
1 58
1 16
0 0
-1 138
0 0
0 0
1 31
-1 12
0 0
-1 11
0 0
1 19
0 0
0 0
0 0
0 0
-1 17
0 0
0 0
-1 13
-1 6
1 8
1 7
-1 7
1 12
0 0
0 0
0 0
-1 6
1 12
-1 3
1 24
1 13
1 45
1 17
0 0
1 11
1 5
-1 89
-1 35
1 10
1 72
0 0
0 0
1 20
0 0
-1 8
1 33
1 2
-1 -11
1 9
1 7
1 87
0 0
-1 12
-1 8
1 12
1 6
0 0
0 0
1 35
1 27
1 29
0 0
0 0
1 19
0 0
-1 2
1 20
-1 6
1 48
1 10
1 35
0 0
1 6
-1 6
1 2
1 14
1 19
0 0
0 0
1 57
-1 6
-1 96
1 32
1 38
-1 6
0 0
1 24
-1 8
-1 24
0 0
1 32
1 3
1 7
0 0
1 9
0 0
1 17
1 8
0 0
0 0
0 0
1 32
1 43
-1 14
-1 6
-1 2
-1 16
1 7
1 17
-1 4
0 0
1 11
0 0
-1 -8
1 9
1 8
0 0
1 7
0 0
0 0
1 44
1 26
1 9
1 9
1 11
-1 11
-1 23
0 0
0 0
0 0
1 12
-1 5
-1 25
-1 22
1 4
1 19
0 0
0 0
0 0
1 17
0 0
-1 -1
1 3
1 17
-1 76
1 24
1 10
1 160
1 3
-1 24
1 7
1 363
1 35
-1 20
1 50
1 31
0 0
-1 -8
1 6
-1 11
-1 83
-1 20
1 7
1 11
0 0
-1 10
-1 8
1 12
0 0
1 2
-1 5
0 0
1 120
-1 -9
1 4
0 0
-1 62
1 32
0 0
1 19
0 0
0 0
0 0
0 0
0 0
1 2
0 0
-1 24
-1 4
0 0
-1 8
1 1
-1 11
1 4
-1 49
1 126
0 0
1 53
1 5
1 3
1 6
1 8
1 24
0 0
1 30
1 52
1 18
0 0
1 2
-1 58
1 21
0 0
0 0
0 0
0 0
1 11
0 0
-1 12
1 55
1 41
-1 1
1 58
-1 4
1 4
0 0
1 39
1 25
-1 18
0 0
1 1
-1 14
0 0
1 12
0 0
1 2
1 6
1 49
0 0
0 0
1 19
0 0
0 0
1 43
1 8
0 0
0 0
1 17
-1 15
-1 2
1 10
-1 5
1 97
0 0
1 9
0 0
1 65
1 10
0 0
-1 34
-1 4
0 0
1 17
1 111
-1 7
1 116
1 14
1 7
0 0
0 0
-1 9
1 51
0 0
0 0
1 11
0 0
-1 19
1 64
1 37
-1 7
1 3
1 16
1 53
0 0
-1 6
1 19
1 3
1 5
1 46
1 55
0 0
1 8
-1 23
1 5
1 15
-1 22
-1 6
1 27
-1 89
0 0
1 43
-1 9
-1 8
-1 26
0 0
0 0
1 9
0 0
0 0
1 2
1 136
-1 4
-1 118
1 19
1 7
-1 21
1 1
-1 -43
-1 18
1 11
-1 6
1 5
1 6
0 0
-1 2
-1 21
0 0
-1 5
1 21
1 24
-1 11
1 3
0 0
1 4
-1 15
0 0
1 18
0 0
-1 9
0 0
-1 22
-1 1
1 4
0 0
0 0
1 73
-1 56
1 12
-1 10
1 14
1 31
1 21
-1 12
0 0
1 58
1 16
1 3
1 68
-1 11
1 42
-1 1
0 0
1 1
1 2
-1 1
0 0
1 86
-1 8
1 18
1 24
1 7
0 0
1 17
1 195
1 47
0 0
1 12
1 9
1 9
1 6
-1 139
1 3
1 23
-1 9
-1 17
1 101
1 36
1 64
1 4
1 47
1 4
1 16
0 0
0 0
0 0
-1 14
1 89
1 16
0 0
-1 8
0 0
-1 17
-1 4
0 0
1 4
-1 13
-1 6
0 0
0 0
0 0
-1 3
1 30
0 0
1 25
1 7
1 15
0 0
0 0
0 0
1 21
-1 4
-1 7
-1 6
1 1
-1 8
0 0
0 0
0 0
-1 1
1 37
0 0
0 0
-1 6
1 78
1 10
-1 -3
1 20
1 74
1 18
-1 24
1 23
0 0
1 25
1 4
1 20
-1 39
-1 6
-1 -5
-1 17
0 0
0 0
0 0
0 0
0 0
1 22
-1 2
0 0
0 0
0 0
-1 12
0 0
0 0
-1 15
1 68
0 0
1 13
-1 -6
-1 -20
-1 23
1 8
-1 14
0 0
1 25
0 0
1 28
1 9
-1 16
0 0
0 0
0 0
0 0
-1 33
0 0
1 17
1 18
-1 -4
-1 3
1 79
0 0
1 14
1 14
1 93
0 0
0 0
1 28
1 72
-1 -19
0 0
1 21
0 0
1 14
0 0
-1 16
-1 2
-1 6
1 45
-1 3
-1 12
0 0
1 6
0 0
1 83
-1 37
1 87
1 15
1 6
-1 1
1 67
-1 -3
-1 13
-1 51
-1 68
1 7
1 44
0 0
1 5
0 0
0 0
0 0
-1 6
1 4
1 2609
0 0
1 21
1 94
-1 10
0 0
1 14
-1 31
1 47
1 2
1 13
1 74
1 49
1 12
1 33
0 0
1 4
1 192
1 11
1 55
-1 59
1 2
1 61
-1 112
0 0
1 44
-1 -11
1 95
1 9
1 31
1 38
1 14
0 0
-1 65
0 0
1 26
1 22
1 25
1 21
-1 11
-1 15
1 46
0 0
0 0
1 24
1 48
1 38
0 0
-1 14
1 33
1 21
1 4
-1 1
-1 4
1 15
0 0
0 0
0 0
1 47
-1 12
1 6
-1 -28
0 0
1 16
1 2
1 53
-1 3
0 0
1 4
0 0
1 10
0 0
0 0
-1 30
-1 12
0 0
1 73
0 0
-1 39
-1 36
1 1
1 13
-1 159
1 135
0 0
-1 2
0 0
1 87
-1 11
0 0
0 0
-1 3
0 0
1 193
-1 16
-1 21
1 24
-1 26
1 2
1 7
0 0
1 8
1 65
1 35
1 70
-1 2
1 11
1 48
-1 20
1 50
-1 3
-1 13
-1 42
1 3
-1 1
1 17
0 0
1 70
-1 32
0 0
1 8
1 6
0 0
1 29
1 7
1 28
1 48
1 7
-1 24
-1 1
1 20
1 3
-1 6
1 6
-1 12
1 84
1 5
0 0
0 0
1 167
1 53
1 8
1 2
-1 8
1 10
1 166
0 0
1 15
-1 4
1 3
-1 49
-1 -5
-1 8
1 2
1 11
-1 29
1 3
1 106
-1 75
1 70
-1 7
1 4
-1 21
0 0
-1 1
1 2
1 32
1 1
1 6
1 276
1 3
1 14
-1 12
1 10
0 0
-1 -85
0 0
-1 1
1 4
1 8
1 24
1 10
1 19
1 10
1 5
1 14
-1 9
1 84
0 0
-1 5
0 0
1 4
1 96
1 12
0 0
1 95
1 2
1 102
1 28

0 6
-1 2
1 14
1 20
-1 74
1 4
0 0
-1 218
-1 6
-1 23
-1 105
1 2
1 46
-1 114
1 10
1 79
-1 12
-1 34
1 56
1 14
-1 105
1 8
0 0
1 9
1 87
-1 -14
1 120
1 18
0 0
1 9
-1 69
-1 21
1 16
1 9
0 0
-1 46
1 33
1 4
1 19
1 168
0 0
1 23
1 1
1 9
1 60
1 218
1 105
1 121
0 0
1 11
0 0
1 113
1 23
1 3
1 164
1 6
-1 -15
1 44
1 2
1 33
1 77
-1 16
1 4
1 68
-1 86
1 41
-1 3
1 3
1 64
-1 10
-1 4
1 159
0 0
1 4
-1 6
0 0
-1 4
1 184
1 12
0 0
1 48
1 5
0 0
0 0
-1 231
-1 14
0 0
1 149
1 9
1 31
1 100
1 28
1 55
-1 14
1 7
-1 31
0 0
1 39
-1 81
-1 1
1 2
1 1
0 0
1 30
0 0
1 37
-1 2
1 2
1 66
1 12
0 0
1 4
1 67
-1 163
-1 345
-1 99
1 13
-1 51
-1 11
1 63
1 8
1 1
1 18
1 32
1 76
1 12
1 21
-1 5
-1 85
1 71
-1 9
-1 38
1 260
-1 13
-1 56
1 166
1 3
-1 -5
1 2
0 20
-1 9
-1 49
1 183
0 0
-1 -1
0 0
-1 -8
-1 88
0 0
1 54
0 0
-1 84
1 2
-1 52
0 0
0 0
1 6
-1 42
1 13
0 0
-1 52
-1 47
1 516
0 0
0 0
0 0
1 103
1 50
0 0
-1 11
1 102
1 11
1 116
1 33
-1 1
0 0
0 0
0 0
-1 10
1 243
-1 58
0 0
1 53
-1 -3
0 0
-1 1
1 3
-1 4
1 58
1 8
-1 9
-1 1
-1 39
1 2

1 16
1 61
-1 10
1 28
0 0
1 20
1 6
0 0
0 0
1 2
0 0
1 53
1 8
0 0
1 10
1 71
0 0
0 0
1 10
1 44
1 33
1 62
1 12
1 36
1 51
1 21
0 0
1 13
1 18
-1 4
-1 3
1 6
1 18
-1 19
1 12
0 0
1 21
1 83
1 16
1 179
0 0
1 33
-1 3
-1 23
-1 3
1 75
1 10
1 15
-1 35
1 9
-1 -5
1 15
0 0
1 13
1 2
0 0
0 0
1 396
-1 5
-1 3
1 131
-1 13
0 0
-1 -27
-1 116
1 4
1 90
1 31
1 48
0 0
1 373
-1 74
1 9

1 12

1 9
-1 -4
-1 55
-1 10
1 37
1 13
1 8
1 57
1 10
0 0
1 34
1 238
1 17
0 0
1 52
-1 15
-1 102
1 72
-1 10
1 54
1 23
1 57
1 15
1 146
1 162
-1 42
1 3
-1 26
1 44
-1 4
1 51
-1 54
0 0
0 0
0 0
-1 11
1 14
1 30
-1 1
1 23
0 0
0 0
-1 254
1 22
1 14
-1 1
-1 32
0 0
-1 -2
-1 -11
0 0
1 62
1 15
0 0
1 80
0 0
0 0
0 0
0 0
1 4
1 32
0 0
-1 18
-1 42
0 0
1 80
1 2
0 0
1 22
0 0
-1 5
1 104
1 30
-1 58
-1 24
1 2
0 0
-1 10
1 54
0 0
0 0
-1 5
1 10
-1 28
0 0
1 107
0 0
1 6
1 17
1 33
-1 82
0 0
-1 12
1 98
-1 -2
0 0
0 0
1 115
1 6
1 65
0 0
1 51
0 0
-1 13
0 0
1 2
-1 10
1 126
0 0
1 3
1 146
0 0
1 36
0 35
0 0
1 25
1 2
-1 9
0 0
0 0
1 62
0 0
-1 33
1 3
1 257
0 0
1 10
1 7
1 7
-1 33
-1 52
-1 11
1 65
1 6
1 155
-1 20
-1 -4
0 0
0 0
-1 6
-1 30
1 53
-1 8
-1 57
1 9
1 3
0 0
1 94
0 0
-1 6
0 0
0 0
1 1
0 0
1 9
0 0
0 0
1 4
1 52
-1 12
1 21
1 12
0 0
1 47
-1 44
1 291
-1 128
0 0
1 6
0 0
-1 4
0 0
1 11
1 10
0 0
1 3
-1 1
0 0
1 36
1 16
1 3
0 0
-1 13
1 30
-1 43
1 17
0 0
-1 14
-1 47
1 30
-1 5
-1 17
-1 -3
1 10
1 4
1 22
1 101
1 29
0 0
-1 3
1 15
-1 17
1 4
0 0
0 0
1 3
1 27
-1 9
1 1
1 20
-1 -4
-1 22
1 4
-1 58
-1 5
1 154
0 0
0 0
1 11
0 0
-1 4
1 8
-1 13
-1 137
1 17
1 10
0 0
-1 -2
1 10
-1 5
0 0
1 2
0 0
1 6
1 54
1 30
-1 5
-1 4
0 0
1 52
0 0
0 0
1 13
1 12
0 0
1 2
1 22
1 2
1 2
0 0
0 0
1 19
-1 7
1 20
0 0
1 121
-1 29
1 4
0 0
1 17
0 0
1 49
0 0
1 8
1 14
-1 2
1 25
1 12
0 0
1 20
-1 -12
1 152
1 3
1 13
-1 5
1 111
1 56
1 26
0 0
0 0

0 0
-1 63
1 12
0 0
1 9
0 0
1 21
0 0
0 0
0 0
0 0
1 2
1 3
1 6
1 24
-1 9
1 49
-1 206
1 20
1 31
0 0
1 18
-1 48
-1 2
-1 -9
0 0
0 0
-1 22
1 61
-1 2
1 6
1 69
1 3
-1 133
-1 7
-1 1
-1 39
1 19
0 0
1 34
1 32
-1 1
1 11
0 0
1 6
-1 2
0 0
0 0
-1 1
1 2
1 15
0 0
0 0
1 62
0 0
-1 36
1 24
0 0
0 0
1 13
-1 129
-1 29
0 0
1 25
1 26
1 100
0 0
1 106
-1 6
-1 9
1 1
-1 14
-1 -3
1 76
0 0
-1 -3
0 0
0 0
1 21
0 0
1 20
-1 14
0 0
0 0
-1 159
1 2
1 39
-1 134
0 0
-1 54
0 0
-1 206
1 33
1 5
-1 1
1 11
0 0
1 21
-1 37
1 258
1 1
1 116
-1 -1
1 61
1 44
1 67
-1 -3
1 2
1 19
1 45
0 0
1 270
1 7
1 14
0 0
0 0
0 0
1 96
0 0
1 7

-1 45
1 17
0 0
1 2
1 10
1 60
0 0
1 76
1 73
1 21
0 0
-1 113
1 18
0 0
0 0
-1 76
0 0
1 8
0 0
0 0
0 0
0 0
0 0
-1 14
1 1056
0 0
-1 19
1 7
-1 20
0 0
1 127
1 59
0 0
1 6
1 647
-1 54
1 28
1 60
0 0
0 0
-1 10
1 93
0 0
1 47
1 12
0 0
1 6
-1 22
1 116
0 0
-1 9
1 23
-1 123
-1 83
-1 6
1 57
-1 2
1 26
-1 7
-1 8
1 3
1 206
0 0
1 58
-1 29
-1 -3
1 11
-1 14
-1 12
1 46
0 0
-1 30
-1 18
1 163
0 0
0 0
0 0
1 98
-1 19
0 0
-1 20
1 21
1 22
1 54
1 148
1 26
1 51
-1 74
-1 -6
-1 -10
0 0
1 45
-1 9
-1 55
-1 6
-1 8
-1 26
1 307
1 10
-1 -1
0 0
0 0
1 7
-1 -4
0 0
1 33
0 0
-1 10
-1 -2
1 87
0 0
1 15
-1 6
1 183
0 0
1 13
0 0
1 38
1 10
1 9
0 0
1 2
1 173
0 0
1 19
1 3
1 7
-1 8
-1 6
0 0
-1 137
1 7
1 5
1 98
1 67
-1 6
1 13
1 10
1 188
1 1
-1 15
1 100
1 1
1 1
-1 1
-1 79
0 0
1 70
0 0
1 11
1 70
0 0
-1 8
0 0
0 0
0 0
-1 8
1 2
1 20
0 0
1 11
-1 35
1 15
1 35
1 1
0 0
1 7
1 65
-1 6
1 94
0 0
0 0
1 42
1 14
1 22
1 4
1 3
-1 25
0 0
0 0
0 0
1 8
0 0
1 3
1 31
-1 7
1 4
-1 567
-1 12
1 6
-1 20
1 144
1 32
1 7
0 0
1 21
-1 6
0 0
1 24
-1 3
0 0
1 10
1 10
-1 232
-1 10
-1 75
-1 1
1 11
1 135
-1 23
1 3
1 3
1 31
1 49
1 17
1 49
1 24
1 12
-1 18
-1 6
1 18
0 0
1 2
0 0
-1 2
1 112
0 0
-1 24
1 13
-1 0
0 0
0 0
0 0
1 4
1 4
1 7
0 0
-1 32
1 9
1 7
-1 15
1 1
1 14
0 0
0 0
0 0
0 0
1 8
1 16
1 113
-1 -1
0 0
1 16
1 69
1 5
0 0
1 28
-1 -2
-1 20
-1 14
1 30
1 22
1 100
0 0
1 25
1 38
-1 3
1 47
-1 5
1 25
1 7
1 10
0 0
1 114
1 3
1 2
1 119
-1 14
-1 6
-1 36
1 109
-1 32
1 44
1 15
0 0
1 38
1 225
1 4
0 0
1 1
1 49
1 12
0 0
1 314
0 0
-1 21
1 16
1 45
1 8
0 0
1 525
1 3
0 18
1 35
0 0
-1 -11
-1 48
1 67
1 36
1 18
1 4
0 0
-1 2
1 15
1 2
1 161
-1 -1
1 10
-1 5
1 56
-1 17
0 0
1 18
1 11
1 20
1 2
1 20
1 187
1 8
1 24
1 1
1 7
1 467
-1 36
1 10
0 0
1 30
1 1
1 9
-1 186
1 33
1 103
1 37
1 834
0 0
0 0
0 0
-1 108
0 0
1 14
1 76
1 50
0 0
0 0
-1 19
1 31
0 0
1 6
-1 14
1 181
-1 105
1 140
-1 1
1 51
1 8
0 0
1 9
1 5
1 22
1 14
0 0
1 19
1 2
-1 7
0 0
0 0
1 3
-1 5
1 19
1 76
0 0
0 0
1 163
-1 6
-1 -2
1 25
1 2
1 19
0 0
1 23
1 15
1 65
1 1820
1 21
1 192
-1 -8
1 37
1 21
-1 17
1 42
0 0
1 5
1 14
1 15
1 30
1 10
1 4
1 153
1 7
1 4
1 79
1 4
0 0
1 81
1 21
0 0
1 12
0 0
1 3
1 132
0 0
0 0
1 2
0 0
1 35
-1 248
1 14
0 0
-1 15
1 74
-1 33
0 0
1 98
-1 2
-1 -12
1 2
-1 22
1 174
1 20
1 111
0 0
1 183
1 100
1 41
-1 11
-1 16
0 0

1 33
-1 -2
1 59
-1 477
-1 5
-1 209
1 5
-1 47
1 14
1 60
0 0
0 0
1 100
-1 28
1 7
-1 2
1 222
-1 8
1 41
0 28
1 17
1 107
1 7
1 14
-1 87
1 33
1 3
-1 30
-1 57
0 0
0 0
0 0
-1 18
1 18
-1 59
0 0
1 5
0 0
1 4
1 10
1 16
1 68
1 7
-1 146
-1 134
-1 8
0 0
1 203
-1 6
-1 2
-1 62
1 12
1 35
-1 3
-1 11
1 42
-1 10
-1 11
-1 8
0 0
-1 5
-1 0
0 0
-1 2
1 93
1 40
1 2
-1 -25
0 0
1 4
0 0
-1 23
-1 1
-1 8
1 58
0 0
1 12
1 5
1 5
-1 34
-1 3
1 24
0 0
0 0
1 41
1 3
0 0
1 17
0 0
1 110
0 0
1 11
1 69
-1 2
-1 6
1 46
1 4
-1 17
0 0
-1 1
-1 115
1 11
1 7
0 0
1 89
0 0
0 0
1 10
1 80
-1 7
-1 7
0 0
1 3
0 0
0 0
-1 38
-1 22
-1 14
-1 11
0 0
0 0
-1 594
1 3
0 0
0 0
0 0
1 5
-1 11
0 0
0 0
1 76
-1 12
1 5
1 14
1 32
1 22
0 0
1 9
1 38
1 28
0 0
1 26
0 0
0 0
1 14
1 41
0 0
1 26
0 0
0 0
0 0
1 19
0 0
1 13
1 20
1 23
-1 183
-1 77
-1 72
1 10
0 0
1 85
1 161
1 63
1 24
-1 7
1 17
1 83
-1 -9
1 3
1 15
1 9
1 135
-1 37
-1 70
1 10
1 110
1 251
1 26
0 0
1 146
1 4
0 0
1 90
1 310
1 40
-1 -9
-1 -6
1 1
1 62
0 0
-1 13
0 0
1 552
-1 100
0 0
0 0
0 0
-1 6
-1 43
-1 3
-1 54
1 67
1 10
-1 0
1 99
-1 15
-1 60
1 30
-1 28
1 32
1 2
1 4
1 4
1 4
0 0
1 4
1 16
0 0
1 271
1 54
1 28
-1 18
-1 8
1 20
-1 131
0 0
1 3
1 50
1 2
0 0
1 71
1 200
0 0
0 0
0 0
1 30
1 5
-1 73
0 0
1 8
1 29
0 0
-1 8
1 10
-1 10
-1 22
1 85
1 12
1 32
1 78
1 34
0 0
1 8
0 0
0 0
1 13
1 26
1 33
1 213
1 33
1 54
1 20
1 44
1 79
1 37
1 22
0 0
1 27
1 15
-1 19
1 348
1 5
1 26
-1 60
0 0
1 6
1 132
0 0
1 4
0 0
-1 25
1 83
-1 6
-1 11
0 0
-1 22
0 0
0 0
1 14
-1 13
1 75
-1 19
-1 7
-1 52
-1 96
-1 1
1 6
1 15
1 4
1 92
-1 1
1 13
0 0
-1 14
1 18
1 15
-1 22
1 109
1 277
1 22
0 0
-1 22
1 3
1 4
0 0
0 0
1 7
-1 1
1 40
-1 12
1 4
1 74
1 14
1 2
-1 19
1 9
1 4
-1 34
1 21
0 0
-1 22
0 0
0 0
0 0
0 0
-1 11
1 4
1 24
-1 -14
1 120
0 0
1 16
1 60
-1 25
-1 6
-1 36
-1 50
1 17
1 3
0 0
1 124
0 0
1 39
0 0
1 36
1 3
1 15
-1 11
1 50
1 27
-1 39
-1 27
-1 6
0 0
1 62
0 0
0 0
0 0
-1 26
1 99
-1 52
0 0
-1 53
0 0
1 31
-1 5
-1 4
0 0
0 0
1 17
-1 -1
-1 -19
1 13
-1 -8
-1 3
1 87
-1 107
-1 60
1 28
1 9
-1 2
1 414
-1 -3
1 2
1 10
-1 -13
1 6
1 22
1 22
1 7
1 188
1 24
1 64
0 0
-1 44
1 3
-1 11
-1 31
1 33
1 30
0 0
-1 20
0 0
0 0
1 6
1 28
1 194
-1 17
-1 12
1 162
1 74
0 0
0 0
0 0
1 48
1 49
1 75
0 0
0 0
1 6
-1 91
1 4
0 0
0 0
1 135
-1 -4
-1 -22
0 0
-1 60
0 0
-1 27
-1 7
0 0
1 13
1 5
-1 -12
0 0
1 2
0 0
0 0
-1 3
1 4
1 5
0 0
1 6
1 19
1 27
1 13
1 42
-1 11
1 28
1 21
0 0
0 0
1 19
1 5
1 16
1 16
1 5
0 0
1 22
0 0
1 47
0 0
1 83
0 0
0 0
1 19
-1 5
0 0
0 0
1 8
0 0
1 5
0 0

-1 -2
-1 39
-1 24
1 2
1 72
1 37
-1 5
1 31
1 26
-1 5
-1 1
1 7
-1 7
-1 25
1 84
1 15
1 4
1 10
1 2
0 0
1 16
-1 7
-1 1
1 26
0 0
0 0
-1 32
0 0
0 0
0 0
1 8
-1 7
-1 5
0 0
-1 6
0 0
-1 43
1 109
1 4
0 0
-1 99
0 12
1 20
0 0
1 2
1 41
1 4
1 359
1 147
-1 9
1 3
-1 8
1 19
0 0
1 5
1 3
1 32
-1 66
-1 3
-1 8
1 1
0 0
1 124
1 89
1 6
-1 35
0 0
1 14
0 0
-1 2
-1 15
1 35
-1 21
1 69
1 3
-1 12
1 59
1 11
1 10
0 0
0 0
1 1
0 0
0 0
-1 1
1 101
0 0
1 5
1 2
1 10
0 0
1 6
1 17
0 0
0 0
-1 22
0 0
-1 31
0 0
1 11
0 0
1 2
0 0
0 0
1 25
1 47
0 0
1 5
0 0
1 12
1 390
-1 45
1 44
1 22
0 0
1 77
1 38
1 15
-1 48
1 54
1 31
1 11
0 0
1 3
-1 13
0 0
-1 133
0 0
1 13
0 0
-1 25
1 23
1 15
0 0
-1 9
1 39
-1 18
-1 11
1 43
0 0
0 0
-1 8
-1 -11
1 19
-1 29
-1 31
-1 52
1 29
1 4
1 1
1 14
-1 3
-1 12
-1 7
1 33
-1 11
1 390
1 17
-1 3
1 153
1 2
0 0
1 10
1 9
1 180
-1 68
1 135
1 46
1 289
1 85
1 155
0 0
-1 7
1 31
0 0
1 71
1 6
0 0
1 23
0 0
0 0
1 152
1 2
1 24
1 243
-1 19
-1 3
1 53
-1 1
0 0
1 48
1 48
0 0
0 0
1 28
-1 13
1 3
1 17
-1 10
1 37
1 23
-1 138
1 8
0 0
1 58
1 58
-1 69
1 51
-1 23
0 0
-1 30
-1 11
0 0
-1 52
0 0
0 0
-1 7
-1 7
1 26
1 33
0 0
0 0
1 120
1 12
1 41
1 4
0 0
1 13
1 12
1 25
1 83
0 0
1 48
1 9
0 0
1 24
1 26
0 0
1 16
0 0
1 85
-1 127
-1 34
1 138
-1 28
-1 13
0 0
1 343
1 49
-1 11
-1 25
-1 -1
-1 59
1 13
0 0
0 0
1 4
1 66
-1 131
0 0
-1 17
-1 5
0 0
0 0
1 346
1 31
1 15
1 2
1 25
1 292
1 268
-1 23
1 15
0 0
1 31
1 35
-1 2
-1 7
1 29
1 97
0 0
1 60
-1 -14
1 93
0 0
0 0
-1 15
1 13
1 21
1 17
-1 19
0 0
0 0
0 0
-1 2
1 160
-1 10
-1 2
1 54
-1 2
1 15
1 10
-1 69
0 0
-1 13
1 34
1 58
1 72
-1 6
1 11
-1 13
1 5
-1 14
1 9
0 0
0 0
0 0
1 139
0 0
1 232
0 0
0 0
0 0
1 11
-1 11
1 65
0 0
0 0
1 11
1 23
1 7
0 0
-1 135
1 8
0 0
1 17
0 0
1 48
-1 80
1 29
1 295
1 14
-1 11
-1 8
-1 52
1 36
1 5
-1 11
1 20
1 20
-1 27
-1 8
1 96
-1 10
-1 13
1 6
1 73
1 48
-1 56
1 27
0 0
-1 113
0 0
-1 9
-1 13
1 14
1 86
1 14
1 12
1 10
-1 11
1 164
1 1
-1 -7
1 140
1 11
1 5
-1 140
1 7
1 11
1 31
1 82
-1 -15
1 3
1 18
-1 54
0 0
0 0
1 144
0 0
-1 3
-1 11
0 0
-1 101
0 0
-1 16
-1 4
1 11
-1 10
1 39
1 3

0 0
-1 15
0 0
0 0
1 18
0 0
1 4
1 13
0 0
-1 32
-1 9
-1 25
0 0
1 23
-1 -13
-1 28
1 76
-1 8
0 0
1 8
0 0
1 15
0 0
1 22
1 12
1 11
-1 6
1 98
1 14
0 0
0 0
-1 33
0 0
1 13
1 19
-1 7
1 110
1 8
1 5
1 15
1 5
0 0
1 14
0 0
0 0
1 145
1 127
1 4
0 0
-1 9
1 79
1 3
-1 21
1 95
-1 54
1 6
1 13
1 7
0 0
1 53
0 0
1 41
1 40
1 9
1 4
1 125
1 49
-1 10
-1 -2
1 32
1 29
0 0
-1 -4
1 22
1 157
1 3
1 26
1 21
0 0
1 60
1 8
1 45
-1 11
-1 2
1 51
1 55
0 0
1 12
1 169
1 8
0 0
1 63
1 17
1 25
0 0
0 0
0 0
-1 49
-1 18
1 48
1 2
-1 9
0 0
1 28
1 8
-1 2
1 7
-1 2
1 14
0 0
1 135
0 0
1 22
1 8
1 88
1 12
1 15
0 0
-1 13
1 11
1 7
-1 88
1 8
-1 13
1 34
1 7
-1 15
0 0
0 0
-1 19
-1 99
0 0
1 16
-1 1
1 276
-1 82
1 34
1 3
-1 31
1 6
1 7
1 156
1 51
-1 4
1 39
-1 16
-1 7
0 0
-1 8
-1 5
1 38
-1 9
1 23
1 3
-1 25
1 119
1 4
0 0
1 5
-1 2
1 18
0 0
0 0
-1 8
-1 22
0 0
0 0
1 28
0 0
-1 58
1 71
-1 3
1 57
1 66
-1 38
-1 8
-1 113
1 14
-1 1
1 5
1 43
1 230
-1 -1
1 38
-1 25
1 21
1 79
1 40
-1 9
-1 13
1 22
-1 26
1 8
1 11
1 79
-1 9
1 28
1 4
-1 5
-1 14
-1 27
1 308
1 14
1 59
1 19
0 0
0 0
-1 4
1 7
0 0
0 0
-1 21
0 0
-1 24
1 16
1 1
-1 865
-1 23
1 26
1 53
1 10
-1 86
1 26
-1 19
-1 3
1 2
-1 9
-1 14
-1 7
1 32
0 0
-1 19
-1 10
-1 8
1 8
1 10
0 0
1 99
1 18
0 0
1 115
0 0
0 28
1 67
-1 17
1 132
0 0
1 63
1 48
0 0
1 118
0 0
1 157
0 0
-1 14
1 136
-1 9
-1 12
-1 24
1 75
0 0
1 6
-1 24
1 24
1 4
-1 102
1 37
0 0
-1 3
-1 7
1 88
-1 4
1 50
1 13
1 22
1 15
1 371
1 53
-1 -2
-1 1
0 4
1 4
1 34
0 0
1 60
-1 54
-1 8
-1 -4
1 9
-1 28
-1 23
1 17
1 36
-1 9
0 0
1 8
0 0
-1 20
-1 69
-1 11
-1 2
1 6
0 0
-1 19
-1 0
1 6
1 67
1 6
0 0
1 2
1 20
0 0
0 0
1 39
1 12
0 0
0 0
1 4
1 10
0 0
1 3
1 57
-1 68
1 4
0 0
1 70
1 85
0 0
0 0
-1 54
0 0
1 11
0 0
-1 112
1 2
-1 19
-1 8
-1 -2
-1 1
1 41
0 0
-1 13
0 0
1 18
-1 6
-1 35
0 0
-1 11
1 8
1 18
0 0
1 19
1 2
1 99
0 0
1 15
1 25
1 16
0 0
-1 46
1 9
1 2
1 4
-1 6
1 48
-1 131
1 55
1 126
1 33
1 55
1 22
0 0
0 0
1 3
1 2
-1 132
1 76
0 0
-1 8
0 0
1 19
-1 -9
-1 14
-1 19
1 8
1 7
1 3
0 0
1 15
1 60
-1 21
0 0
-1 149
1 15
1 64
0 0
1 5
-1 70
1 47
1 9
0 0
-1 47
1 14
1 4
-1 26
-1 22
-1 11
-1 6
0 0
-1 8
1 60
1 4
0 0
1 18
1 23
-1 10
0 0
1 10
1 24
1 26
1 6
1 29
1 46
0 0
1 107
-1 8
-1 31
-1 59
1 57
-1 11
0 0
1 11
1 1
1 14
0 0
1 12
-1 -6
1 3
1 12
-1 45
1 3
1 32
0 0
1 4
0 0
0 0
0 0
-1 -4
1 55
-1 8
1 6
1 4
-1 9
-1 14
-1 257
-1 13
1 11
-1 6
1 34
1 15
1 9
0 0
1 128
0 0
0 0
0 0
-1 99
1 45
0 0
1 76
1 18
1 21
0 0
1 73
-1 27
1 51
1 8
1 24
-1 44
-1 9
-1 5
1 19
0 0
-1 146
1 32
1 46
0 0
1 9
0 0
1 45
0 0
1 155
1 29
-1 73
0 0
1 23
1 34
-1 34
1 8
1 20
0 0
-1 8
1 5
0 0
0 0
0 0
-1 18
0 0
1 145
0 0
-1 38
1 63
1 30
1 64
-1 4
-1 3
0 0
-1 43
0 36
-1 2
1 19
1 146
0 0
-1 16
1 71
1 13
1 16
1 53
-1 2
1 85
-1 176
1 81
-1 6
1 18
1 30
1 15
1 14
-1 1
-1 7
1 2

1 120
1 9
0 0
1 18
0 0
0 0
0 0
1 16
0 0
0 0
1 64
1 22
-1 17
-1 1
-1 44
0 0
1 80
-1 12
1 11
1 12
0 0
-1 1
-1 17
0 0
1 2
0 0
0 0
-1 1
0 0
-1 6
0 0
1 7
-1 7
0 0
1 5
1 18
1 5
1 16
1 28
-1 21
0 0
1 34
1 12
-1 7
1 12
0 0
1 18
1 3
0 0
-1 87
1 4
-1 17
1 11
0 0
1 148
0 0
-1 5
0 0
1 46
1 42
0 0
1 34
1 33
-1 11
-1 43
-1 -3
1 1
-1 30
-1 23
1 83
-1 17
1 48
-1 5
0 0
0 0
-1 11
0 0
0 0
1 17
-1 -1
-1 32
0 0
-1 93
0 0
1 4
0 0
-1 35
-1 54
1 8
0 0
1 3
-1 42
1 155
1 11
0 0
0 0
-1 10
-1 -1
-1 6
-1 24
0 0
-1 14
0 0
-1 9
-1 127
-1 -17
1 121
0 0
0 0
0 0
-1 22
1 9
-1 30
0 0
-1 9
0 0
1 23
1 150
-1 0
1 16
-1 9
1 19
1 6
-1 9
-1 24
1 180
0 0
0 0
1 15
0 0
1 9
1 45
-1 33
0 0
1 12
-1 2
-1 8
1 33
-1 2
1 12
0 0
1 3
-1 3
1 24
0 0
0 0
1 19
1 3
1 37
-1 51
1 1
0 0
0 0
-1 212
1 30
1 92
-1 5
1 24
1 3

-1 1
-1 2
1 5
1 57
0 0
0 0
0 0
1 3
1 47
1 3
1 39
0 0
-1 34
-1 2
0 0
-1 70
1 131
1 9

1 13
0 0
1 57
0 0
-1 18
1 4
1 25
0 0
-1 2
0 0
0 0
0 0
1 24
1 17
1 10
0 0
1 50
1 5
1 29
1 45
-1 12
1 41
-1 88
0 0
0 0
1 4
0 0
0 0

-1 14
0 0
1 15
1 99
-1 39
1 6
0 0
1 174
0 0
1 13
0 0
1 19
-1 3
-1 28
-1 8
-1 2
0 0
0 0
0 0
1 125
1 6
1 99
-1 197
-1 27
1 96
-1 84
1 265
1 14
1 82
1 30
1 27
1 11
1 572
1 49
0 0
1 30
-1 215
1 34
1 37
1 24
-1 31
-1 27
1 14
0 0
0 0
1 96
0 0
-1 6
1 4
1 23
0 0
0 16
1 93
0 0
0 0
1 13
-1 62
-1 -16
0 0
0 0
1 4
-1 1
-1 11
1 6
1 67
1 5
1 2
1 12
-1 15
-1 12
-1 22
1 2
1 20
1 38
-1 1
-1 26
-1 53
-1 6
-1 22
1 32
1 12
-1 16
0 0
-1 85
-1 5
1 4
1 19
1 3
-1 3
-1 21
1 9
-1 18
0 14
1 119
1 4
1 52
-1 60
0 0
1 18
1 4
1 61
1 14
0 0
1 24
0 0
0 30
1 8
1 24
-1 10
0 0
1 3
1 56
-1 7
1 3
-1 91
1 82
1 2
1 12
1 67
-1 43
1 18
1 2
1 4
1 38
1 5
0 0
1 64
-1 42
0 0
1 23
1 11
-1 51
0 0
1 24
1 2
0 0
1 10
1 15
1 5
1 17
1 2
-1 1
0 0
1 8
1 13
-1 73
1 17
1 3
1 53
0 0
0 0
1 109
1 100
0 0
0 0
1 35
0 0
1 21
1 127
1 2
1 17
1 45
-1 19
0 0
1 3
-1 16
1 21
1 15

-1 2
0 0
-1 -1
-1 38
1 9
0 0
1 2
-1 27
1 78
-1 19
1 7
-1 10
-1 6
1 117
-1 3
0 0
0 0
1 79
-1 50
0 0
-1 3
-1 9
0 77
-1 3
0 0
-1 18
-1 23
-1 1
1 80
-1 -1
-1 7
-1 8
0 0
-1 16
1 8
1 4
-1 103
-1 49
1 6
-1 10
1 3
0 0
1 18
0 0
1 4
-1 6
-1 16
1 46
0 0
1 53
-1 12
1 30
-1 21
1 54
-1 2
1 29
-1 9
1 3
0 0
-1 3
0 0
0 0
-1 7
-1 156
1 4
0 0
-1 11
0 0
-1 20
1 30
1 26
0 0
-1 31
-1 73
-1 -1
-1 -1
0 0
1 296
1 5
1 11
1 8
1 83
-1 34
0 0
1 36
-1 6
1 22
-1 5
-1 47
1 10
1 1
1 11
-1 25
0 14
0 0
0 0
-1 6
-1 -2
-1 1
1 6
0 0
1 11
-1 1
0 0
0 0
1 216
1 18
1 1
-1 -1
1 58
-1 23
0 0
0 0
0 0
1 25
1 53
-1 9
1 12
1 31
-1 26
0 0
0 0
-1 288
1 5
0 0
0 0
0 0
1 12
1 4
0 0
0 0
-1 -1
1 10
0 0
1 3
-1 16
-1 100
1 234
1 131
1 82
1 18
1 31
1 64
0 0
1 33
1 129
1 75
1 10
1 70
-1 17
0 0
0 0
1 7
0 0
0 0
1 14
-1 9
1 7
1 137
1 6
1 6
1 6
1 11
-1 12
1 46
0 0
0 0
-1 21
1 30
1 2
0 0
-1 1
-1 -4
0 0
1 4
1 14
1 32
-1 1
0 0
1 13
1 24
1 5
1 65
0 0
1 5
1 26
-1 47
1 14
0 0
-1 18
1 6
0 0
1 23
1 3
1 28
-1 83
1 2
-1 6
0 0
-1 -3
-1 -17
1 58
-1 21
1 19
0 0
1 9
1 3
-1 8
1 6
1 69
-1 73
1 12
-1 24
1 10
-1 3
1 10
0 0
-1 -3
-1 113
0 0
-1 5
1 4
0 0
1 155
-1 6
-1 -1
1 40
1 43
1 4
1 42
1 20
-1 25
0 0
1 48
1 28
0 0
0 0
-1 1
1 13
1 39
0 0
-1 12
0 0
0 0
1 128
1 23
0 0
1 23
1 13
-1 19
-1 64
0 0
0 0
1 14
-1 15
-1 91
-1 1
1 4
-1 31
-1 19
-1 -6
1 19
1 9

-1 7
1 15
0 0
1 2
1 9
0 0
1 14
1 3
-1 -14
1 10
-1 35
1 22
0 0
-1 7
0 0
1 40
1 8
1 36
1 109
-1 36
1 8
-1 19
1 3

0 0
1 22
-1 -3
-1 14
-1 11
1 92
0 0
-1 49
1 3
0 0
-1 16
0 0
0 0
-1 48
-1 59
-1 9
1 0
0 0
1 76
1 67
1 3
0 0
1 44
1 76
1 30
1 3
0 0
1 3
0 0
1 3
1 9
1 68
0 0
0 0
0 0
0 0
0 0
0 0
1 8
0 0
0 0
-1 22
0 0
0 0
0 48
1 30
0 0
1 23
-1 28
0 0
1 9
-1 29
1 1
0 0
0 0
-1 1
0 0
-1 8
-1 2
1 43
1 31
1 51
1 62
0 0
1 6
-1 1
1 35
1 33
0 0
1 21
-1 51
1 2
0 0
1 3
0 0

1 8
-1 19
-1 24
0 0
1 4
1 166
1 11
1 36
1 6
-1 2
1 11
-1 17
1 1
-1 59
0 0
0 0
0 0
-1 31
-1 16
-1 33
-1 104
1 162
-1 1
-1 1
0 0
1 25
-1 -4
-1 13
-1 7
0 0
-1 14
1 9
1 12
-1 27
0 0
1 31
0 0
-1 41
1 47
0 0
1 87
-1 99
1 22
1 3
1 15
-1 32
1 17
1 184
1 1
1 39
-1 15
1 9
-1 15
1 5
1 16
0 0
1 29
0 0
1 21
-1 25
-1 17
1 59
-1 40
1 21
1 29
1 53
0 0
0 0
1 88
-1 8
1 22
0 0
1 29
-1 26
1 2
0 0
-1 2
1 10
0 0
-1 24
-1 -3
1 17
-1 1
1 15
-1 -1
1 43
-1 2
-1 2
0 0
1 2
-1 32
1 3
-1 2
1 1
0 0
-1 1
-1 6
1 29
1 19
-1 1
1 8
0 0
0 0
1 107
0 0
-1 15
0 0
1 31
-1 5
-1 340
-1 7
1 3
0 0
0 0
1 16
1 7
-1 -28
0 0
-1 11
-1 42
0 0
-1 23
-1 16
0 0
1 54
1 8
-1 8
1 9
1 18
1 5
-1 85
-1 69
1 9
0 0
1 15

1 8
0 0
-1 56
-1 -119
1 82
-1 17
-1 39
1 22
-1 35
-1 6
1 32
-1 9
-1 2
1 76
-1 16
1 15
-1 4
1 7
1 16
0 0
0 0
1 15
0 0
0 0
1 38
1 10
1 26
-1 17
-1 -4
-1 38
1 21
1 52
1 24
1 3
1 95
-1 32
0 0
1 90
-1 276
1 17
1 33
-1 -36
1 151
1 6
1 41
-1 1
1 8
1 3
1 24
-1 106
0 0
0 0
-1 28
-1 7
0 0
1 52
1 8
1 39
1 693
1 8
-1 32
1 137
-1 12
1 3
1 95
1 18
1 58
1 83
1 2
1 72
1 49
0 0
-1 36
1 10
-1 4
0 0
-1 5
0 0
1 9
1 218
1 14
0 0
1 7
0 0
0 0
-1 4
1 52
0 0
1 6
1 2
1 29
-1 50
1 10
-1 -5
1 10
0 0
1 11
-1 53
1 20
1 83
0 0
0 0
-1 6
-1 71
1 15
-1 0
1 5
-1 21
0 0
1 69
0 0
1 11
-1 7
-1 35
0 0
-1 1
0 0
0 0
0 0
-1 14
1 8
1 10
-1 -9
-1 5
1 12
-1 10
1 27
-1 63
0 0
0 0
1 25
1 22
-1 4
0 0
-1 16
1 5
0 0
0 0
1 15
1 3
-1 8
-1 8
1 8
-1 18
1 1
1 1
-1 14
1 14
1 84
-1 76
0 0
0 0
-1 29
0 0
-1 19
1 33
0 0
1 8
-1 23
0 0
1 6
1 5
-1 71
1 10
1 301
1 2
0 0
1 21
0 0
0 0
0 0
-1 1
1 2
0 0
0 0
1 22
0 0
1 24
0 0
0 0
1 39
1 3
1 161
1 11
1 8
1 5
0 0
1 15
0 0
0 0
1 7
1 116
1 13
0 0
1 24
1 1
0 0
-1 43
-1 78
1 126
1 66
1 25
1 4
1 5
0 0
0 0
1 51
1 5
0 0
1 209
-1 3
1 7

0 0
-1 15
-1 -2
1 40
-1 8
0 0
1 23
0 0
0 0
1 70
1 2
-1 -35
1 51
-1 6
-1 6
1 80
-1 7
-1 6
-1 29
-1 7
-1 6
-1 3
-1 14
-1 11
-1 14
-1 6
-1 47
-1 15
0 0
0 0
1 101
1 5
1 5
0 0
1 4
-1 78
0 0
1 24
-1 14
0 0
1 465
1 2
-1 2
1 125
-1 -25
-1 22
-1 1
-1 12
-1 57
1 3
-1 10
1 9
-1 35
1 3
-1 17
0 0

-1 24
1 40
-1 155
1 231
0 0
1 9
-1 17
1 8
0 0
1 49
-1 48
1 8
0 0
1 53
1 9
1 18
1 34
1 51
-1 5
1 19
-1 3
1 4
1 30
0 0
1 8
0 0
1 24
1 17
1 78
1 32
1 16
-1 13
1 116
0 0
1 9
1 9
-1 78
1 138
1 1
1 85
1 1
1 79
1 31
-1 60
-1 35
1 33
1 5
-1 -2
-1 115
1 3
1 69
1 1
-1 63
-1 8
-1 15
1 9
-1 191
0 0
1 14
1 7
0 0
1 11
0 0
0 0
1 4
1 16
1 64
-1 -7
1 12
-1 82
0 0
-1 17
1 13
0 0
-1 17
1 204
0 0
0 0
1 56
-1 1
1 10
-1 7
1 32
0 0
0 0
-1 7
0 0
0 0
-1 5
1 19
-1 54
1 12
1 15
0 0
1 16
-1 17
0 0
1 35
0 0
1 38
1 43
1 139
-1 -1
1 4
0 0
-1 10
0 0
-1 11
1 60
-1 1
0 0
-1 7
-1 6
1 114
-1 33
1 17
1 27
0 0
-1 20
-1 14
1 3
-1 23
1 3
1 43
-1 13
-1 49
-1 5
-1 1
-1 -11
-1 16
0 0
1 10
1 43
1 26
-1 18
0 0
-1 1
1 3
1 21
1 10
-1 -2
1 75
1 3
1 5
-1 18
0 0
0 0
1 2
1 95
0 0
1 25
0 0
0 0
-1 6
-1 100
0 0
0 0
1 4
1 35
-1 5
-1 4
1 81
1 31
1 21
1 12
-1 10
1 21
1 16
-1 19
1 3
-1 14
-1 92
0 0
-1 59
1 24
1 40
1 56
-1 4
1 11
-1 10
1 5
-1 -36
-1 50
1 4
1 12
-1 76
1 72
1 6
-1 40
1 80
-1 12
0 0
-1 27
1 18
-1 29
1 56
-1 -6
0 0
-1 11
-1 6
1 13
1 12
-1 22
0 0
-1 7
1 3
1 37
1 9
-1 18
1 16
1 10
0 0
0 0
1 6
1 6
-1 10
1 7
0 0
-1 5
0 0
1 5
1 33
1 132
-1 32
-1 15
1 106
-1 163
0 0
1 21
0 0
0 0
0 0
1 61
-1 11
1 25
-1 21
1 9
1 60
-1 -3
1 7
0 0
1 82
0 0
1 266
1 1
0 0
0 0
0 0
0 0
0 0
1 4
1 84
0 0
1 124
-1 59
1 9
-1 8
-1 15
0 0
-1 151
1 9
-1 11
1 13
1 22
1 43
-1 28
-1 4
0 0
-1 11
1 5
-1 70
1 1
-1 9
0 0
1 19
1 45
1 5
1 10
1 14
-1 16
0 0
-1 28
1 11
0 0
1 27
-1 2
1 44
0 0
1 5
0 0
-1 26
1 13
1 1
1 25
-1 31
1 18
1 13
-1 65
0 0
-1 111
-1 19
-1 7
1 84
1 31
1 16
1 17
0 0
1 12
1 3
1 21
1 13
0 0
0 0
0 0
0 0
0 0
0 0
1 11
-1 7
0 0
1 121
0 68
0 0
1 34
1 41
1 6
0 0
1 7
1 4
0 0
1 29
1 33
1 21
0 0
1 3
1 2
1 23
0 0
1 6
-1 7
1 34
0 0

1 3
0 0
-1 5
1 79
0 0
0 0
1 134
1 15
0 0

0 0
0 0
1 43
1 31
0 0
1 27
1 14
-1 3
-1 37
-1 17
0 0
1 13
-1 17
0 0
0 0
0 0
1 14
1 7
-1 1
1 15
0 0
1 50
-1 52
0 0
0 0
-1 8
-1 15
1 5
0 0
1 2
0 0
1 2
0 0
1 8
1 12
1 77
0 0
-1 7
1 5
0 0
-1 -6
1 40
0 0
1 36
1 20
0 0
-1 1
-1 10
0 0
0 0
1 86
0 0
1 67
1 9
1 11
1 22
1 53
1 6
1 11
0 0
1 18
-1 5
0 0
0 0
1 22
1 10
1 32
1 50
1 36
0 0
0 0
1 3
1 3
0 0
0 0
1 2
1 7
-1 19
1 15
1 8
-1 7
-1 119
-1 6
1 7
1 8
1 7
0 0
-1 19
1 21
1 9
1 35
1 12
-1 11
0 0
1 24
-1 15
0 0
1 46
-1 18
1 5
0 0
1 18
-1 4
1 2
1 3
1 22
1 2
1 4
0 0
0 0
-1 12
1 75
0 0
1 13
1 5
0 0
1 8
0 0
1 4
-1 4
1 14
-1 2
1 18
1 9
1 44
-1 1
1 2
0 0
0 0
-1 5
0 0
1 32
0 0
0 0
1 34
0 0
0 0
-1 5
1 7
0 0
-1 1
1 73
-1 43
0 0
0 0
0 0
-1 5
-1 7
0 0
1 15
-1 7
1 12
1 11
1 81
1 2
1 145
1 17
0 0
0 0
0 0
1 6
1 18
0 0
-1 21
0 0
-1 4
0 0
0 0
1 13
1 9
-1 44
-1 -24
1 27
1 15
1 54
-1 14
1 24
1 6
-1 20
1 16
0 0
1 14
1 8
1 61
-1 19
0 0
-1 11
1 6
1 4
0 0
1 109
1 29

1 21
0 0
-1 5
1 11
1 19
0 0
1 22
1 6
0 0
1 106
1 4
1 79
-1 14
-1 28
0 0
1 11
0 0
-1 77
0 0
-1 47
-1 5
1 24
1 15
1 10
1 20
1 10
-1 4
0 0
0 0
0 0
-1 37
-1 21
1 3
1 7
-1 -17
1 50
1 24
-1 63
-1 -5
1 7
1 18
-1 15
-1 47
0 0
1 7
1 14
1 26
-1 10
-1 -18
0 0
-1 19
0 0
-1 3
1 13
1 3
1 13
-1 23
-1 6
1 5
1 11
1 35
-1 1
1 2
1 16
0 0
0 0
0 0
1 4
1 46
1 12
1 67
-1 46
0 0
-1 52
1 20
-1 1
1 28
1 13
1 43
0 0
0 0
1 23
1 18
1 51
-1 17
0 0
0 0
1 6
1 11
-1 28
1 38
0 0
0 0
1 8
1 11
1 88
0 0
-1 12
0 0
-1 7
1 76
-1 18
1 13
0 0
-1 10
-1 21
1 15
-1 19
1 3
-1 22
1 3
1 6
1 2
1 3
1 36
1 8
1 17
1 144
-1 94
1 7
-1 -8
0 0
-1 46
1 10
1 28
-1 -1
1 6
1 17
1 3
1 2
-1 -2
1 9
1 6
-1 22
1 10
-1 14
1 8

1 67
1 39
1 2
1 39
1 98
0 0
0 0
0 0
1 40
0 0
1 34
0 0
1 31
1 6
0 0
-1 33
1 11
-1 14
1 27
1 212
1 7
1 59
0 0
1 91
1 45
-1 52
0 0
-1 73
1 24
0 0
0 0
0 0
0 0
-1 11
1 50
0 0
1 13
-1 11
-1 2
1 14
1 21
1 14
-1 3
-1 26
1 2
-1 50
1 71
-1 16
-1 11
0 0
1 4
1 8
0 0
0 0
0 0
1 3
-1 23
1 5
-1 14
1 7
0 0
1 64
0 0
1 21
1 5
0 0
0 0
1 5
1 22
0 0
-1 108
1 29
0 0
1 3
1 36
0 0
1 32
-1 100
1 32
1 37
0 0
0 0
1 4
1 2
1 33
-1 18
1 8
1 3
0 0
1 73
1 9
0 0
1 12
0 0
-1 -8
0 0
1 3
0 0
1 31
-1 457
-1 12
0 0
0 0
0 0
-1 35
-1 28
0 0
1 15
0 0
0 0
1 4
0 0
0 0
1 876
-1 34
1 38
0 0
1 47
1 76
-1 21
1 28
1 46
1 8
1 128
1 15
1 51
1 83
0 0
1 6
0 0
1 15
0 0
0 0
-1 12
0 0
1 288
1 12
1 26
1 37
-1 56
-1 52
0 0
1 35
1 47
1 10
0 47
1 25
-1 34
1 8
0 0
1 16
1 19
1 4
-1 94
0 0

1 36
-1 393
-1 364
1 4
0 0
-1 28
-1 42
-1 -1
1 19
1 27
0 0
1 125
1 10
-1 48
0 0
1 11
1 37
-1 7
1 1
0 0
0 0
1 4
1 117
1 50
-1 1289
0 0
1 38
-1 43
-1 9
-1 13
1 58
1 5

0 0
0 0
1 43
1 65
-1 -16
0 0
1 1
0 0
0 0
1 34
0 0
1 76
1 33
0 0
-1 1
0 0
0 0
1 31
0 0
1 12
0 0
-1 1
0 0
1 40
-1 -1
1 64
0 0
0 0
1 8
-1 33
1 5
1 43
0 0
1 6
1 4
1 6
0 0
0 0
1 4
0 0
1 16
1 131
1 5
-1 1
-1 30
1 12
0 0
1 19
1 108
1 29
1 55
1 8
1 3
0 0
1 5
0 0
0 0
0 0
1 23
0 0
1 149
0 0
1 17
1 48
0 0
1 53
0 0
0 0
1 30
0 0
1 60
1 13
0 0
0 0
0 0
-1 8
0 0
1 48
0 0
1 4
1 59
1 7
0 0
0 0
0 0
1 2
1 12
1 18
0 0
-1 16
1 61
1 6
0 0
-1 1
0 0
1 24
1 7
1 10
1 1
-1 21
1 18
1 4
-1 -5
1 61
-1 12
0 0
0 0
1 17
-1 3
-1 -7
1 18
1 88
-1 51
0 0
1 133
0 0
1 17
-1 8
-1 -6
-1 189
1 13
0 0
0 0
0 0
1 22
1 4
0 0
1 97
1 10
-1 4
1 6
1 21
1 19
1 2
0 0
-1 25
-1 67
1 79
1 68
1 29
0 0
1 12
-1 13
0 0
1 17
1 13
0 12
1 25
1 45
1 6
-1 1
0 0
1 76
1 5
-1 43
-1 1
-1 72
0 0
-1 21
1 43
1 16
-1 2
1 4
0 0
0 0
1 97
0 0
0 0
0 0
1 1
1 86
0 0
1 43
1 23
-1 2
0 0
-1 -1
0 0
0 0
1 6
-1 2
1 4
0 0
-1 -12
1 8
0 0
-1 12
1 16
-1 29
0 0
0 0
0 0
1 49
0 0
-1 17
0 0
0 0
0 0
0 0
1 7
1 10
0 0
0 0
-1 2
-1 19
1 8
0 0
1 37
1 24
-1 45
1 14
1 11
-1 17
1 62
0 0
-1 56
0 0
1 43
1 52
1 10
1 44
-1 8
-1 -1
1 7
0 0
0 0
0 0
1 33
-1 47
0 0
1 2
0 0
1 3
1 22
0 0
1 45
0 0
-1 24
1 20
0 0
1 28
0 0
-1 32
1 33
1 13
-1 184
-1 9
1 1
1 31
1 3
0 0
0 0
1 17
1 38
-1 -2
0 0
-1 16
-1 9
0 0
1 22
1 4
0 0
0 0
1 28
0 0
1 2
1 5
1 2
0 0
-1 8
1 92
1 8
0 0
1 3
1 37
-1 2
1 14
1 46
0 0
0 0
-1 31
1 5
0 0
1 8
0 8
-1 41
1 94
1 6
1 17
-1 3
0 0
1 6
-1 21
-1 28
1 4
1 8
0 0
0 0
1 51
1 1
1 1
0 0
1 25
-1 -8
1 10
1 1
0 0
-1 11
-1 -4
-1 28
0 0
1 17
0 0
1 5
1 17
1 18
-1 16
1 3
1 11
1 3
1 250
1 2
0 0
0 0
0 0
1 8
0 0
0 0
1 182
-1 18
1 13
0 0
1 12
1 21
0 0
0 0
1 21
0 0
1 26
1 17
1 17
-1 -11
1 43
0 0
-1 26
1 7
0 0
-1 4
1 73
1 2
-1 8
1 9
-1 10
-1 1
-1 20
1 113
0 0
0 0
-1 21
0 0
1 4
0 0
0 0
1 23
0 0
1 35
1 6
1 40
1 12
1 157
0 0
0 0
1 34
1 31
0 0
-1 104
1 47
1 128
-1 2
1 36
1 103
1 79
1 62
1 13
-1 8
-1 -1
-1 12
1 11
1 48
1 1
0 0
1 4
-1 0
1 13
1 59
1 2
0 0
1 4
0 0
0 0
1 92
0 0
1 16
1 26
0 0
-1 16
0 0
0 0
1 17
1 58
0 0
1 16
-1 114
1 8
1 328
1 11
1 43
1 4
1 9
0 10
1 3
1 11
-1 18
-1 8
1 88
0 0
-1 7
0 0
0 0
-1 21
0 0
0 0
1 34
1 16
-1 64
1 16
0 0
1 29
0 0
-1 54
1 123
-1 1
-1 29
-1 6
1 47
1 35
0 0
1 51
1 53
1 15
0 0
0 0
0 0
-1 3
-1 24
1 115
1 6
1 3
1 41
-1 100
1 2
1 2
0 0
1 30
1 122
1 71
-1 6
-1 14
-1 1
1 11
0 0
1 19
1 115
0 0
1 21
1 75
1 3
0 0
0 0
1 158
1 1
-1 9
1 30
0 0
1 41
-1 11
-1 2
0 0
1 5
1 22
-1 35
0 0
0 0
1 40
0 0
-1 12
1 33
1 157
0 0
1 4
-1 21
1 6
-1 -2
0 0
0 0
0 0
0 0
1 73
1 18
-1 -3
0 0
0 0
-1 -1
1 5
0 0
1 37
-1 28
0 0
-1 559
-1 23
0 0
0 0
1 209
1 10
0 0
1 9
1 14
1 354
-1 51
0 0
-1 6
-1 1
0 0
1 7
0 0
1 4
0 0
1 12
1 5
1 3
1 5
-1 220
1 9
1 67
1 11
1 16
-1 -5
0 0
1 6
1 38
1 11
1 161
0 0
-1 2
-1 23
1 13
1 6
-1 56
-1 2
-1 8
0 0
-1 11
1 34
0 0
1 12
1 5
1 112
1 14
0 0
-1 -6
0 0
-1 -5
-1 17
1 14
-1 11
0 0
0 0
-1 27
0 0
-1 32
1 41
1 168
1 4
-1 11
1 11
-1 11
1 2
1 15
-1 67
1 8
-1 1
-1 5
1 13
0 0
1 67
0 0
1 3
-1 2
-1 -1
-1 80
1 112
-1 67
1 20
1 42
-1 42
1 19
1 32
1 175
-1 9
0 0
1 17
1 24
0 0
0 0
1 162
1 9
1 2
0 0
0 0
0 0
0 0
-1 345
0 0
0 0
1 10
0 0
1 156
-1 26
0 0
1 21
0 0
0 0
-1 43
-1 13
-1 74
0 0
1 31
1 18
1 448
0 0
1 5
0 0
0 0
1 11
1 5
-1 -3
-1 10
0 0
-1 18
1 4
0 0
0 0
0 0
1 93
1 28
0 0
1 54
1 26
-1 9
1 50
-1 1
1 80
0 0
1 16
-1 -3
1 9
-1 -4
1 2
0 0
0 0
1 3
-1 7
1 7
1 35
1 4
1 3
1 17
-1 3
-1 58
1 13
1 20
1 61
0 0
1 19
0 0
-1 4
-1 0
-1 8
0 0
0 0
1 31
0 0
1 21
-1 16
0 0
1 6
1 33
0 0
0 0
1 15
1 19
1 3
1 17
0 0
1 112
-1 45
1 9
-1 2
0 0
1 285
1 15
1 10
1 4
1 2
-1 12
1 18
-1 -2
-1 -2
-1 18
0 0
0 0
0 0
0 0
1 12
1 49
0 0
0 0
-1 20
1 34
0 22
0 0
0 0
1 59
1 11
1 35
-1 21
1 3
0 0
0 0
1 24
0 0
1 11
0 0
1 4
1 51
1 5
1 12
0 0
0 0
1 182
1 13
1 8
-1 6
1 1
0 0
1 10
1 71
0 0
0 0
1 18
1 25
0 0
1 10
0 0
-1 147
-1 16
-1 31
-1 22
0 18
0 0
-1 5
1 4
1 9
-1 -2
1 107
1 3
-1 2
1 108
0 0
-1 36
0 0
1 7
1 10
0 0
-1 9
1 8
-1 11
-1 29
1 5
1 3
0 0
-1 1
0 0
1 39
0 0
1 6
0 0
1 17
1 4
0 0
1 9
1 83
0 0
0 0
0 0
0 0
0 0
0 0
-1 1
0 0
1 34
-1 6
-1 34
1 25
0 0
1 11
1 3
-1 1
1 1
0 0
0 0
1 25
-1 11
-1 15
1 4
1 198
-1 9
-1 28
-1 5
1 26
1 3
1 47
0 0
1 49
0 0
1 25
-1 12
-1 16
-1 99
1 17
-1 -3
1 107
-1 6
1 119
1 27
0 0
-1 104
0 0
1 29
-1 -5
-1 9
-1 73
0 0
1 2
0 0
1 71
1 12
-1 6
1 7
1 12
-1 25
0 0
-1 37
0 0
1 7
-1 14
1 68
1 18
1 27
0 0
-1 4
1 18
-1 -6
-1 65
1 31
-1 10
0 40
1 28
1 62
-1 2
-1 11
1 308
-1 5
1 17
1 423
0 0
-1 1
1 54
-1 -6
1 12
0 0
-1 -15
1 29
1 57
1 2
0 0
-1 16
0 0
-1 2
1 31
1 46
1 34
-1 5
-1 1
1 76
1 6
1 12
0 0
1 26
1 28
1 18
1 7
1 90
-1 30
-1 -4
0 0
1 49
1 6
1 5
1 432
0 0
0 0
0 0
-1 2
0 0
-1 11
-1 5
-1 8
0 0
-1 -2
1 4
0 0
1 14
1 26
0 0
-1 4
0 0
1 7
1 5
0 0
0 0
-1 36
-1 21
1 20
1 1
1 101
-1 33
1 12
0 0
-1 21
1 25
1 9
1 9
0 0
-1 74
1 23
-1 6
1 15
1 36
-1 -4
-1 136
1 37
-1 9
1 17
-1 -9
-1 10
-1 220
-1 4
1 33
0 0
1 36

1 3
0 0
-1 14
0 0
0 0
0 0
1 39
-1 16
0 20
0 0
1 16
1 106
1 2
1 19
-1 4
1 6
-1 3
1 100
0 0
-1 1
1 4
-1 2
1 1
1 100
0 0
1 89
-1 -36
1 9
1 26
-1 92
-1 30
-1 131
-1 -4
-1 55
-1 14
1 30
0 0
-1 15
0 25
1 4
1 62
1 98
1 5
-1 5
0 0
1 18
0 0
1 55
0 0
0 0
1 78
0 0
-1 19
1 1
0 0
-1 2
1 12
-1 6
1 37
0 0
-1 518
1 1

1 15
-1 7
1 14
1 8
-1 8
1 309
1 2
0 0
0 0
0 0
1 15
0 0
1 24
1 140
1 25
1 99
1 12
0 0
1 204
-1 33
1 11
1 51
1 6
0 0
1 3
-1 46
0 0
0 0
0 0
1 16
1 5
1 13
1 61
0 0
1 41
0 0
0 0
1 70
1 45
0 0
-1 30
1 12
1 3
0 0
0 0
0 0
1 19
1 26
-1 53
1 121
0 18
1 9
-1 2
-1 3
-1 14
1 86
-1 2
-1 18
0 0
1 42
0 0
0 0
0 0
0 0
1 18
1 27
1 2
0 0
-1 72
-1 14
1 25
0 0
-1 12
0 0
1 4
-1 44
1 44
0 0
1 21

-1 6
0 0
1 9
-1 -7
1 34
-1 6
-1 11
1 43
1 95
-1 6
1 133
-1 16
1 15
-1 47
-1 1
1 131
1 9
1 19
1 13
0 0
1 8
0 0
-1 8
-1 1
1 5
-1 25
-1 13
0 0
0 0
1 22
-1 8
0 0
-1 12
0 0
1 20
0 0
1 12
0 0
-1 24
1 12
1 70
-1 11
-1 35
0 0
1 6
-1 7
-1 104
1 6
0 0
1 23
1 3
0 21
1 9
1 34
1 7
1 19
1 124
0 0

1 24
1 21
0 0
-1 8
0 0
0 0
-1 25
-1 14
-1 -10
-1 2
1 6
0 0
1 1
1 15
0 0
-1 11
0 0
-1 12
1 29
-1 100
1 8
1 17
-1 1
1 12
-1 102
1 8
-1 4
0 0
0 0
1 32
1 20
1 1
1 3
-1 -23
1 23
1 90
-1 10
1 2
-1 4
0 0
-1 27
0 0
1 42
-1 41
0 0
1 63
0 0
1 4
-1 6
1 3
0 0
-1 162
-1 18
1 61
-1 30
-1 10
-1 6
1 3
0 0
-1 2
1 76
0 0
0 0
1 35
-1 1
1 4
1 34
1 25
0 0
1 28
-1 64
-1 1
1 9
-1 4
-1 18
1 23
0 0
0 0
0 0
1 107
1 25
1 33
0 0
1 6
1 4
1 128
1 38
1 32
-1 14
-1 4
1 52
1 11
1 75
-1 77
-1 -1
1 33
1 37

-1 18
-1 37
1 37
1 4
1 24
-1 11
1 30
-1 1
1 74
1 5
0 0
-1 44
-1 7
0 0
-1 15
0 0
1 2
-1 16
0 0
0 0
0 0
0 0
1 10
-1 3
1 17
0 0
-1 11
1 10
0 0
0 0
0 0
0 0
1 38
1 12
-1 15
0 0
1 14
1 27
1 21
0 0
0 0
0 0
-1 9
1 25
0 0
0 0
1 27
1 77
1 20
1 144
-1 11
-1 49
0 0
1 13
1 36
1 45
-1 7
1 23
0 0
0 0
1 134
1 30
0 0
0 0
1 9
1 6
0 0
0 0
-1 -3
0 0
1 5
1 1
-1 24
1 1
-1 1
1 17
-1 39
-1 21
-1 16
0 0
1 139
1 33
1 13
-1 78
-1 -15
1 15
-1 8
-1 14
1 6
1 17
1 38
1 17
1 29
0 0
-1 9
1 1
-1 3
1 9
1 19
1 14
1 10
-1 1
1 7
1 194
0 0
0 0
-1 8
0 0
0 0
1 2
1 104
-1 5
1 5
1 40
1 25
-1 6
1 13
1 32
1 148
0 22
1 39
1 52
1 1
-1 1
0 0
0 0
-1 28
0 0
0 0
0 0
-1 11
1 34
1 39
0 0
1 2
-1 70
1 41
0 0
1 30
0 0
-1 28
1 76
0 0
-1 16
1 97
-1 71
0 0
-1 2
0 0
-1 90
-1 27
1 24
1 37
-1 -1
0 0
1 39
-1 27
0 0
0 0
0 0
1 19
1 18
1 499
1 12
1 62
1 14
1 1
-1 4
0 0
0 0
1 1
1 11
0 0
-1 6
1 50
1 37
0 0
-1 13
0 0
-1 9
1 11
0 0
1 27
1 15
0 0
0 0
1 30
0 0
1 3
1 8
1 34
1 2
1 3
1 57
-1 73
-1 7
-1 1
1 50
0 0
1 34
1 15
0 0
1 55
0 0
1 12
1 52
0 0
0 0
1 63
1 9
1 18
1 6
1 254
-1 7
0 0
-1 -5
1 96
1 88
-1 2
-1 7
1 11
0 0
0 0
1 40
0 0
-1 40
1 22
0 0
-1 19
-1 17
0 0
1 22
1 18
-1 1
1 9
0 0
-1 6
0 0
-1 3
-1 -2
-1 30
-1 11
0 0

0 0
1 149
-1 -4
1 9
0 0
1 5
-1 58
-1 19
1 12
-1 17
1 2
1 17
1 11
-1 14
-1 102
-1 26
1 8
0 0
1 117
1 47
-1 -5
0 0
1 35
-1 17
0 0
-1 22
0 0
1 7
1 21
0 0
-1 62
-1 -24
0 0
1 30
-1 77
1 9
-1 230
1 15
-1 6
1 5
0 0
-1 4
1 6
1 16
1 14
1 89
1 17
1 4
1 11
-1 16
1 25
1 72
1 12
1 18
1 28
1 119
0 0
-1 84
0 0
-1 3
1 41
0 0

0 0
1 18
0 0
-1 15
1 52
1 24
1 106
-1 33
-1 -2
1 7
1 14
1 20
1 34
0 0
-1 35
-1 34
-1 2
0 0
-1 6
-1 28
-1 7
1 6
-1 8
1 23
0 0
-1 9
1 82
1 74
0 0
0 0
0 0
-1 12
0 0
1 4
0 0
0 0
1 18
1 8
1 28
-1 13
0 0
-1 51
0 0
1 91
1 29
-1 17
-1 7
0 0
1 7
-1 7
-1 7
1 8
1 145
0 0
0 0
0 0
-1 37
-1 1
-1 -2
0 0
-1 32
1 5
1 26
1 73
0 0
1 9
1 27
-1 9
1 5
1 36
0 0
0 0
0 0
0 0
1 21
1 118
0 0
0 0
1 15
0 0
0 0
1 7
1 26
0 0
1 16
1 2
-1 1
1 41
0 0
0 0
1 3
1 10
1 118
-1 8
1 12
1 11
1 4
-1 148
1 2
1 91
1 26
0 0
-1 15
1 14
0 0
0 0
0 0
0 0
1 37
1 17
0 0
0 0
0 0
1 17
0 0
-1 9
0 0
1 17
-1 -1
-1 4
0 0

0 0
1 54
1 32
-1 10
1 57
-1 -6
-1 -6
1 25
1 9
-1 46
1 11
1 46
1 27
1 13
1 23
-1 6
0 0
0 0
1 11
-1 22
1 195
-1 41
0 0
1 9
-1 4
1 4
-1 1
-1 15
0 0
1 17
1 15
1 121
1 73
-1 28
1 18
1 39
1 3
1 12
0 0
-1 93
1 48
0 0
1 5
1 79
1 16
1 10
1 8
0 0
-1 42
-1 66
-1 99
1 39
-1 5
1 11
-1 22
1 28
1 7
1 12
1 23
1 4
-1 4
-1 92
0 0
0 0
1 264
1 33
0 0
-1 -3
0 0
1 47
0 0
0 0
0 0
0 0
1 53
0 0
-1 4
1 16
1 8
0 0
1 232
1 3
1 4
-1 3
-1 50
1 8
0 0
1 3
1 25
1 32
-1 -4
1 98
1 19
1 21
0 0
-1 23
0 0
-1 3
0 0
1 17
-1 3
1 8
1 5
1 15
1 19
0 0
1 6
0 0
0 0
1 83
1 1
0 0
0 0
-1 3
1 13
-1 294
-1 -3
-1 2
0 0
1 1
1 24
1 30
1 9
1 3
-1 28
0 0
-1 7
1 13
1 28
1 254
-1 4
0 0
1 107
0 0
1 2

1 2
-1 11
1 41
1 10
0 0
0 0
1 7
1 20
-1 6
1 383
-1 33
0 0
-1 65
1 1
-1 1
1 48
0 0
-1 1
1 22
1 19
-1 19
1 2
-1 35
-1 29
0 0
1 13
1 4
0 0
1 14
1 4
0 0
0 0
-1 130
-1 14
1 1
1 13
0 0
-1 1
1 4
-1 1
1 5
1 7
1 3
-1 27
1 16
0 0
0 0
-1 6
0 0
0 0
1 7
-1 22
0 0
0 0
0 0
0 0
-1 42
0 0
-1 2
-1 5
1 194
0 0
-1 16
-1 6
-1 6
1 3
1 7
1 99
0 0
1 5
-1 15
0 0
-1 53
1 19
1 3
1 7

0 0
0 0
1 11
0 0
-1 48
0 0
1 5
1 13
-1 8
0 0
-1 31
-1 16
1 8
1 4
0 0
1 5
1 8
1 47
0 0
1 25
1 28
-1 100
1 117
1 9
-1 6
0 0
1 17
1 7
0 0
1 43
1 9
-1 5
0 0
1 249
1 57
1 60
1 20
1 16
1 50
1 23
1 4
0 0
0 0
1 140
1 22
1 40
1 3
1 168
0 0
0 0
7
1 28
1 64
1 43
0 0
1 7
0 12
-1 55
0 0
1 3
1 26
-1 9
1 8

-1 8
0 0
1 2
-1 -2
1 12
-1 -1
-1 3
1 12
0 0
1 72
0 0
0 0
0 0
-1 -14
-1 21
0 0
0 0
-1 13
1 15
1 38
1 17
-1 7
-1 18
1 18
0 0
1 34
1 113
1 21
1 73
1 70
1 57
1 12
1 32
0 0
1 33
-1 8
-1 17
1 9
-1 8
0 0
-1 24
0 0
1 28
1 111
-1 8
1 56
1 26
1 13
1 1
-1 13
1 43
1 174
1 11
0 0
-1 14
-1 22
1 2
0 0
0 0
1 15
-1 1
-1 -8
1 70
-1 22
0 12
1 13
0 0
0 0
0 0
1 144
1 107
1 24
0 0
-1 5
-1 53
1 27
-1 65
0 0
1 23
-1 37
1 58
-1 48
1 29
1 20
-1 32
1 20
0 0
-1 5
-1 26
-1 20
0 0
1 16
0 0
0 0
1 12
1 1
1 198
0 0
0 0
-1 149
-1 137
1 412
1 39
0 0
0 0
-1 23
0 0
1 47
0 0
1 13
0 0
1 20
1 42
-1 4
-1 11
-1 201
-1 11
0 0
0 0
-1 58
1 34
1 42
0 0
1 26
1 150
1 24
1 97
0 0
0 0
1 20
0 0
0 0
1 103
1 62
1 138
1 109
1 2
1 11
-1 5
1 51
-1 40
-1 36
0 0
1 7
1 50
1 56
1 193
1 86
1 151
1 161
1 211
1 33
0 0
0 0
1 135
0 0
1 36
1 64
0 0
1 49
1 2
1 40
-1 -2
-1 2
1 80
-1 89
-1 1
1 30
1 20
-1 44
-1 236
1 115
1 23
1 199
1 12
1 29
1 4
-1 38
-1 27
-1 10
1 1
1 5
1 34
1 13
1 138
1 32
-1 152
-1 11
1 30
1 4
-1 13
1 2
1 66
-1 50
-1 322
0 0
-1 8
0 0
1 251
1 13
1 68
1 179
1 131
1 12
0 0
-1 31
-1 93
1 809
0 0
0 0
0 0
1 25
-1 18
1 268
1 15
1 185
1 62
1 158
1 11
0 0
0 0
-1 209
1 101
0 0
1 36
1 107
1 134
0 0
1 59
0 0
1 33
1 145
1 2
1 32
0 0
1 20
0 0
-1 1
1 7
-1 -9
1 215
1 3
0 0
1 82
-1 28
-1 12
-1 40
1 49
1 15
-1 11
1 5
-1 25
1 58
1 60
1 97
0 0
0 0
-1 -10
0 0
1 83
0 0
-1 -2
1 87
1 7
0 0
1 10
1 57
0 0
1 98
-1 62
0 0
-1 3
1 5
1 60
-1 24
1 106
1 33
1 95
1 67
1 28
1 12
-1 39
1 20
1 3
1 6
1 19
0 0
-1 14
0 0
1 40
0 0
1 3
1 4
1 164
1 128
0 0
1 129
-1 4
0 0
-1 31
0 0
0 0
1 144
1 8
1 24
-1 1
0 0
1 23
-1 102
1 15
1 68
1 21
-1 111
1 42
1 22
-1 13
-1 7
1 35
-1 165
-1 324
1 166
1 11
1 35
1 48
1 214
-1 782
1 8
1 74
1 116
0 0
-1 75
0 0
1 27
1 68
1 4
1 39
1 40
1 190
0 0
1 115
1 54
1 53
0 0
1 116
-1 38
1 124
0 0
-1 -2
1 85
1 67
1 167
0 0
1 127
1 60
1 183
1 93
1 23
1 33
0 0
-1 1
1 56
0 0
1 25
-1 26
1 200
1 52
1 41
1 7
1 20
0 0
1 53
-1 6
0 0
1 229
1 88
1 4
0 28
1 113
-1 32
-1 1
1 2
-1 19
0 0
1 207
0 0
1 3
0 0
1 76
0 0
0 0
1 56
1 9
1 7
-1 5
1 9
0 0
-1 153
-1 38
-1 101
-1 63
-1 14
1 163
1 31
1 8
0 0
0 0
1 183
-1 86
-1 -7
1 29
-1 1
0 0
1 0
0 0
1 63
1 4
1 28
-1 239
0 0
1 97
-1 5
0 0
1 752
-1 4
-1 38
1 239
0 0
1 9
1 35
-1 48
1 11
1 43
1 24
0 0
1 95
0 0
1 6
1 338
1 457
0 0
-1 182
1 194
1 118
1 9
1 52
1 52
1 408
-1 86
-1 7
-1 80
-1 -2
-1 7
1 14
1 4
0 0
0 0
-1 50
0 0
0 0
-1 18
1 444
1 659
-1 449
1 16
1 94
-1 91
0 0
1 298
0 0
-1 31
1 60
0 0
0 0
1 281
1 367
-1 82
1 224
-1 3
0 0
1 141
1 18
1 91
1 79
0 0
0 0
1 451
1 11
-1 23
1 59
1 152
1 329
1 7
1 28
1 111
1 36
0 0
1 250
1 817
-1 57
1 103
1 41
-1 212
1 71
1 241
0 0
1 266
1 13
1 14
1 9
1 78
1 97
-1 5
1 68
-1 77
1 17
0 0
1 160
1 3
1 206
1 16
-1 51
0 0
1 31
1 129
1 13
1 370
1 36
0 0
-1 38
1 32
0 0
1 374
1 492
1 48
-1 37
1 156
1 103
-1 38
1 1
-1 293
-1 223
-1 30
1 135
1 1
1 11
1 16
-1 16
0 0
-1 142
-1 559
1 165
1 168
1 22
1 21
-1 142
1 259
1 53
1 316
-1 6
1 15
1 4
1 91
1 40
1 45
-1 -5
1 3
1 188
-1 -27
1 58
1 500
1 33
1 84
1 27
1 38
1 63
1 56
1 11
1 74
1 29
1 166
1 6
1 3
1 9
1 55
-1 92
1 36
-1 65
1 22
-1 1
1 29
0 0
0 0
0 0
0 0
0 0
-1 29
1 146
0 0
-1 13
-1 53
0 0
1 10
-1 213
1 69
0 0
1 27
1 408
-1 19
1 242
1 94
1 69
1 75
1 38
1 78
1 13
-1 24
1 23
1 85
1 119
1 6
1 46
1 29
1 62
1 80
0 0
1 40
-1 43
1 48
1 52
1 247
1 12
1 11
-1 19
1 24
1 329
1 164
1 45
1 33
0 0
0 0
1 15
1 8
1 51
1 27
1 542
1 17
1 18
0 0
-1 31
1 41
0 0
1 69
-1 70
1 76
1 23
1 170
1 22
-1 1
1 66
-1 160
0 0
-1 28
0 0
1 16
1 129
1 46
0 0
1 332
0 0
0 0
1 1
-1 53
0 0
1 38
1 240
0 0
1 96
0 0
1 26
1 322
1 8
-1 3
1 3
1 20
0 0
0 0
1 12
1 39
1 21
1 16
-1 -6
1 139
1 22
-1 167
-1 33
1 3
-1 19
1 137
-1 37
-1 28
1 23
1 77
1 9
1 28
1 11
0 0
-1 3
0 0
-1 20
-1 2
-1 1
-1 38
-1 4
1 28
-1 7
1 113
0 0
1 48
1 215
1 7
0 0
1 25
1 210
-1 18
0 0
1 264
1 99
1 268
-1 65
1 3
1 21
1 212
1 196
-1 338
1 21
1 6
1 200
-1 144
1 36
1 28
1 256
-1 -5
-1 28
1 14
-1 41
1 7
-1 40
1 96
1 75
1 37
1 20
1 51
1 353
1 20
1 15
0 0
1 18
1 1
-1 5
1 41
0 0
1 38
0 0
0 0
1 4
1 13
-1 28
-1 18
1 12
-1 -16
1 36
1 36
1 2
1 165
1 28
1 167
1 335
-1 12
1 244
0 0
-1 22
1 26
1 9
1 773
1 153
1 945
0 0
1 98
1 44
0 0
1 97
1 187
-1 3
1 48
1 6
-1 20
-1 23
1 36
0 0
1 84
-1 134
-1 877
0 0
-1 3
0 0
0 0
-1 2
0 0
0 0
0 0
0 0
0 0
0 0
-1 122
1 23
1 40
0 0
1 2
0 0
-1 3
-1 1
1 31
0 0
1 145
0 0
1 61
-1 15
1 7
1 28
1 64
-1 -1
1 66
1 8
-1 20
1 4
0 0
1 7
-1 -22
0 0
-1 -5
-1 35
1 213
0 296
1 155
1 94
1 18
1 46
1 6
1 20
1 55
-1 48
-1 28
1 2
0 0
-1 -39
-1 7
1 94
1 27
1 6
1 156
-1 14
-1 4
1 81
1 3
1 23
1 186
1 98
1 1148
-1 36
1 10
1 275
1 64
1 86
1 18
1 25
0 0
1 6
1 3
-1 32
-1 2
0 0
-1 19
0 0
1 112
1 60
1 32
1 66
1 13
-1 4
1 60
1 20
0 0
0 0
0 0
-1 27
1 34
1 256
1 158
0 0
1 4
0 0
0 0
1 57
0 0
-1 7
-1 -1
0 0
1 176
1 6
1 196
1 203
1 7
-1 9
-1 77
-1 1
1 55
1 54
0 0
-1 223
1 98
1 202
1 101
0 0
-1 1
1 92
1 220
1 12
0 39
-1 8
-1 78
0 0
1 100
1 5
1 28
1 68
1 18
1 45
1 71
1 121
0 0
-1 -5
-1 52
1 172
1 33
0 0
0 0
0 0
-1 -25
-1 -22
1 3
1 21
1 36
1 20
-1 61
0 0
-1 151
1 2
1 3
-1 27
0 0
1 44
1 20
1 45
1 140
1 2
1 58
1 9
-1 4
-1 6
-1 -11
1 22
1 13
1 74
-1 -2
1 18
0 0
0 0
-1 4
-1 56
1 50
1 45
1 105
-1 30
-1 43
1 134
1 45
0 0
1 27
-1 -21
0 0
-1 1
-1 1
-1 -12
1 53
1 33
-1 34
1 3
1 24
1 17
1 12
1 254
1 31
1 4
0 0
0 0
1 27
-1 -52
0 0
1 20
1 40
1 14
0 0
0 0
1 20
1 72
-1 22
0 0
0 0
1 8
1 17
1 499
1 17
1 2
0 0
-1 6
-1 42
-1 6
0 0
1 9
1 5
1 25
1 6
0 0
0 0
1 47
1 168
0 0
1 99
1 49
-1 91
1 2
1 57
1 13
-1 108
1 479
1 198
-1 36
1 22
1 1
1 277
1 12
1 461
1 35
1 148
1 10
1 9
-1 89
0 0
1 21
1 24
1 200
0 0
0 0
0 0
1 22
1 14
1 8
-1 112
-1 60
1 96
-1 156
0 151
1 42
1 83
1 24
0 0
1 274
1 227
1 62
1 39
1 42
-1 3
-1 13
1 126
0 0
1 13
1 41
1 88
-1 49
-1 -14
0 0
-1 52
1 27
0 0
1 16
0 0
1 7
1 39
1 3
1 159
0 0
1 14
1 5
1 173
1 3
1 4
1 7
1 1
1 80
0 0
1 225
0 0
0 0
1 62
-1 73
1 68
1 2
-1 1
1 21
1 133
1 4
-1 1
1 2
0 0
1 19
0 0
-1 -6
-1 248
1 33
1 78
0 0
1 52
0 0
-1 13
1 15
1 124
0 0
1 42
-1 -1
-1 81
-1 -3
1 10
1 70
-1 70
-1 722
0 0
-1 293
-1 3
0 0
1 31
-1 35
1 49
1 47
-1 -5
-1 384
1 89
-1 35
-1 126
1 61
0 0
-1 45
1 154
1 37
1 717
1 3
1 127
1 6
1 26
-1 78
-1 432
0 16
-1 10
1 14
0 0
0 0
1 86
-1 34
1 226
-1 8
1 15
0 0
-1 27
1 84
1 51
1 23
-1 14
1 146
0 0
-1 104
1 74
1 12
1 14
1 422
1 16
1 35
-1 -2
1 108
-1 15
-1 21
0 0
0 0
1 14
1 23
1 21
1 10
-1 7
1 14
1 137
0 0
0 0
1 16
1 155
1 73
1 302
1 14
-1 34
-1 11
1 4
0 0
-1 105
1 297
-1 26
-1 1
1 41
-1 3
-1 3
1 287
0 0
1 121
-1 97
-1 163
0 0
-1 94
1 104
1 23
-1 37
1 10
1 19
1 18
-1 1
-1 4
1 6
1 19
1 133
-1 3
1 15
1 27
1 26
1 26
1 54
1 37
-1 -37
-1 8
-1 27
1 67
-1 7
-1 -6
1 4
1 152
-1 29
-1 127
1 79
-1 48
1 287
1 24
1 90
1 36
1 11
1 6
-1 34
-1 1
-1 1
-1 -3
0 0
-1 57
-1 9
1 73
-1 16
1 23
1 70
-1 422
1 45
1 6
0 0
0 0
-1 3
-1 8
0 0
1 139
1 101
-1 24
1 6
0 0
0 0
1 99
-1 27
1 7
1 58
1 4
1 58
1 4
0 0
-1 12
-1 134
-1 10
1 25
-1 45
1 9
-1 15
-1 139
1 36
1 146
-1 5
1 11
0 0
1 10
-1 1
1 2
-1 -4
1 394
1 57
0 0
-1 12
0 0
-1 8
-1 20
0 0
-1 23
-1 61
1 6
1 20
1 3
-1 30
0 0
1 120
1 54
1 9
1 68
-1 13
-1 8
1 43
-1 33
1 107
0 0
1 9
-1 4
-1 9
1 11
1 36
1 3
-1 207
0 0
1 87
0 0
0 104
1 2
1 12
-1 1
0 0
0 0
-1 303
-1 11
0 0
-1 79
-1 1
-1 -1
-1 -6
-1 33
1 6
-1 32
-1 569
1 312
1 258
-1 24
0 0
-1 15
-1 85
1 27
1 61
-1 -3
0 0
1 702
1 94
-1 3
1 24
-1 8
1 106
-1 3
0 0
-1 15
0 0
1 14
1 7
-1 51
1 9
-1 73
1 4
1 13
-1 6
1 151
-1 51
1 22
1 12
1 15
-1 15
1 147
1 3
-1 25
0 0
0 0
-1 6
1 62
1 566
1 9
-1 39
1 79
0 0
1 33
1 2
-1 1
1 17
-1 39
-1 269
-1 2
1 69
-1 35
1 4
-1 75
1 13
-1 16
-1 36
-1 1
0 0
-1 47
-1 -5
0 0
0 0
0 0
1 84
0 0
1 9
1 2
1 91
0 0
1 5
-1 25
-1 121
0 0
-1 50
1 12
-1 22
1 35
-1 300
-1 40
1 9
1 131
1 78
-1 88
1 50
-1 14
-1 -10
1 127
-1 21
1 91
1 26
1 26
1 4
1 1
1 2
0 0
0 0
0 0
-1 -30
-1 -1
0 0
1 144
1 4
-1 19
1 24
1 4
1 84
0 0
0 0
1 77
-1 86
-1 13
1 186
1 15
1 4
-1 2
1 38
1 2
-1 110
1 37
0 0
1 22
1 14
1 22
1 72
0 0
1 21
0 0
-1 4
1 4
1 4
1 23
0 0
1 63
1 140
1 14
1 2
1 14
0 0
1 13
1 16
1 5
0 0
1 8
0 0
-1 27
0 0
-1 5
0 0
0 0
1 82
-1 30
1 6
1 52
-1 31
-1 35
1 23
0 0
0 0
0 0
1 37
1 89
-1 7
0 0
1 109
0 0
1 10
1 85
1 2
1 96
0 0
0 0
0 0
1 219
1 198
1 7
1 46
1 52
1 52
-1 7
-1 1
1 60
-1 84
1 6
0 0
1 8
1 9
1 84
0 0
-1 34
1 24
0 0
-1 1
-1 1
0 0
-1 14
-1 6
-1 1
-1 -1
0 0
0 0
0 0
1 8
0 0
0 0
-1 10
1 8
1 8
0 0
0 0
1 3
1 30
0 0
1 68
0 0
1 52
-1 -17
-1 48
-1 94
1 95
1 39
-1 1
-1 2
0 0
1 29
0 0
0 0
0 0
1 25
1 21
1 18
1 20
1 109
1 34
0 0
1 4
0 0
1 2
0 0
1 29
-1 10
1 54
-1 -7
1 3
1 26
1 3
1 31
0 0
1 153
0 0
-1 39
1 22
1 6
1 50
1 65
0 0
1 31
1 7
1 27
1 10
1 2
0 0
-1 1
0 0
1 126
0 0
0 0
0 0
1 44
1 334
0 0
0 0
0 0
0 0
1 2
1 2
0 0
1 8
0 0
1 106
1 19
0 0
0 0
0 0
1 29
0 0
-1 210
1 83
1 124
1 145
-1 47
1 31
1 14
0 0
-1 4
1 18
1 20
-1 50
1 5
0 0
-1 21
-1 5
1 112
1 22
1 18
1 31
-1 7
0 0
-1 9
0 0
-1 -46
1 1
1 5
1 37
-1 468
-1 69
0 0
1 59
1 12
-1 118
0 0
1 25
1 30
1 104
-1 2
-1 71
1 32
1 23
1 3
-1 121
1 117
0 0
1 38
1 215
1 23
1 4
0 0
-1 74
0 0
1 8
1 122
1 18
0 0
1 28
1 288
1 11
-1 59
-1 50
-1 -15
-1 99
1 53
1 204
1 9
-1 25
-1 12
-1 51
-1 37
1 15
0 0
1 175
0 0
1 42
1 115
1 3
1 24
1 521
1 107
0 0
1 57
1 14
1 97
0 0
1 23
1 7
1 7
0 0
0 0
-1 30
0 0
1 8
0 0
0 0
0 0
-1 4
0 105
1 20
-1 7
0 0
0 0
-1 11
1 56
1 30
-1 32
0 0
-1 1
1 2
1 40078
1 8
1 436
-1 18
1 5
-1 3
0 0
-1 19
1 23
1 42
-1 177
1 222
1 165
1 28
1 2
-1 13
-1 8
0 0
0 0
0 0
-1 1
-1 -8
0 0
1 126
-1 3
-1 -24
1 321
1 10
1 4
1 34
0 0
1 70
1 55
1 22
1 154
-1 10
1 59
1 66
-1 36
1 187
1 23
1 65
1 202
1 286
1 167
1 83
1 231
0 50
1 333
-1 9
1 261
1 53
1 112
-1 36
-1 3
1 501
0 0
0 90
1 24
1 3
0 0
1 22
0 0
1 4
1 148
1 11
0 0
-1 145
1 5
1 4
1 4
0 0
1 63
-1 18
1 30
-1 -51
1 94
1 124
1 389
1 2
1 13
1 25
1 111
1 135
1 72
1 32
1 193
-1 1
1 8
1 3
1 25
1 4
0 0
-1 -30
0 0
1 19
1 33
1 30
1 13
1 170
-1 9
1 180
-1 -11
-1 12
0 0
1 35
1 2
0 0
1 9
-1 1
1 20
1 30
1 223
1 13
1 11
0 0
-1 44
1 8
1 3
1 22
1 53
0 0
0 0
0 0
1 9
1 94
0 0
1 66
1 16
1 3
0 0
0 0
1 83
0 0
-1 1
-1 51
1 53
-1 107
1 14
1 141
-1 73
-1 52
-1 13
1 73
-1 58
1 56
0 0
-1 1
-1 340
1 17
1 19
1 7
-1 5
1 36
1 44
-1 -15
1 279
-1 58
1 56
0 0
-1 1
-1 340
1 17
1 19
1 7
-1 5
1 36
1 44
-1 -15
1 110
1 44
0 0
1 276
1 83
1 6
1 191
-1 29
0 0
1 87
-1 311
1 73
-1 459
1 3
1 52
1 55
-1 2
1 51
1 370
1 161
1 51
1 11
-1 58
-1 29
0 0
1 46
-1 452
1 70
1 9
1 193
1 37
1 9
1 53
-1 122
1 43
1 3
-1 -6
1 259
1 35
1 19
0 0
1 129
0 0
0 0
1 52
-1 12
1 17
1 7
1 9
1 5
1 8
-1 21
-1 -2
1 1040
1 31
-1 3
-1 10
0 0
1 14
0 0
-1 424
-1 70
0 0
1 64
0 0
1 5
-1 15
0 0
0 0
-1 7
0 0
0 0
1 3
-1 1
0 0
1 9
0 0
1 3
-1 2
1 547
1 21
-1 22
1 128
0 0
1 94
1 24
1 229
1 9
0 0
1 291
-1 -18
1 107
-1 145
1 9
1 20
1 238
1 17
1 98
1 125
0 0
1 6
-1 85
1 10
1 64
0 0
-1 36
1 12
0 0
1 27
0 0
-1 131
0 0
1 176
1 290
-1 221
1 115
1 217
-1 35
1 44
-1 9
1 25
1 346
-1 36
-1 15
1 31
1 145
1 37
-1 80
1 65
1 72
1 106
1 20
1 2
1 32
1 25
1 87
0 0
1 123
-1 14
1 5
1 2
1 19
1 17
0 0
0 0
-1 20
1 3
1 85
1 66
1 72
1 113
1 89
1 397
1 40
1 21
1 5
1 9
1 605
1 27
1 62
1 4
0 0
1 269
0 0
1 98
1 29
1 7
-1 61
1 45
1 60
1 3
1 115
1 47
1 43
1 218
1 34
1 37
1 31
1 28
1 63
1 41
-1 -5
-1 516
0 0
0 0
0 0
-1 544
1 17
0 0
1 4
-1 138
-1 20
1 10
1 186
1 36
1 7
1 31
1 64
0 0
1 105
-1 -11
-1 48
1 7
1 15
1 50
1 38
1 62
-1 -7
1 75
1 200
1 28
1 9
1 39
-1 -1
0 0
1 50
1 142
-1 -51
1 21
-1 44
1 67
1 43
1 85
0 0
1 7
0 0
-1 42
1 11
0 0
0 0
0 0
1 4
-1 98
0 0
0 0
1 7
1 55
1 3
0 0
1 51
1 107
1 93
-1 21
0 0
1 4
1 2
1 6
1 107
0 0
1 55
-1 25
1 111
1 181
1 49
1 31
1 31
1 15
0 0
1 18
1 4
-1 69
1 63
0 0
-1 -14
0 0
-1 -3
1 31
1 186
1 21
1 23
-1 29
-1 853
1 71
1 44
1 192
1 2
1 7
-1 7
1 30
1 27
1 2
-1 8
1 8
1 117
1 3
-1 1
1 75
1 672
1 24
-1 3
1 36
1 32
1 77
0 20
1 47
1 186
1 41
1 73
0 0
1 28
-1 45
1 51
1 19
1 126
-1 -17
1 2
1 19
-1 11
0 0
0 0
0 0
1 6
1 15
1 12
1 36
1 23
1 32
0 0
1 61
1 128
1 18
1 43
1 79
1 12
0 0
-1 38
0 0
1 43
1 31
-1 2
0 0
1 40
1 18
1 48
1 96
-1 -1
1 26
1 458
1 2
1 4
0 0
1 36
-1 32
1 233
1 42
-1 26
-1 36
1 7
1 213
1 196
-1 14
0 0
1 16
1 73
1 102
1 10
1 208
-1 128
0 0
1 22
1 23
1 193
1 3210
1 170
-1 12
-1 19
-1 6
1 24
1 16
1 79
-1 94
1 13
0 0
0 0
0 0
-1 43
1 151
1 284
0 0
1 28
1 45
0 0
-1 1
0 0
1 44
1 26
1 161
-1 -16
-1 13
0 0
1 4
0 0
0 0
1 24
1 36
-1 -138
1 114
1 1035
-1 25
-1 25
1 30
1 22
1 17
0 0
0 0
-1 206
1 99
-1 -11
-1 1
1 21
1 111
1 51
1 9
-1 54
0 0
1 143
-1 19
1 69
1 210
0 0
1 2
1 31
-1 39
-1 102
-1 5
1 90
1 28
0 0
1 262
-1 31
-1 34
1 285
-1 5
1 17
-1 63
-1 11
1 7
1 6
1 26
1 818
1 68
1 232
1 116
1 900
1 75
1 4
1 31
-1 -5
-1 48
-1 29
0 0
0 0
-1 13
0 0
0 0
0 0
-1 -3
0 0
1 7
1 53
1 96
1 9
1 2
1 31
-1 46
1 114
1 52
1 12
0 0
1 126
1 32
1 4
1 54
1 11
1 16
1 9
0 0
-1 4
1 9
0 0
-1 101
0 0
-1 97
1 55
-1 1
-1 36
-1 4
0 0
1 11
0 0
1 42
-1 78
-1 15
-1 18
1 143
-1 -2
0 0
1 2
1 3
0 0
1 105
0 0
1 41
1 5
0 0
0 0
-1 55
1 51
1 57
0 0
1 13
1 127
0 0
1 6
1 6
-1 9
1 82
1 69
0 0
1 5
1 18
1 15
0 0
1 63
0 0
1 155
1 17
1 30
1 186
1 16
1 33
0 0
1 21
1 39
0 0
1 37
0 0
1 7
0 0
0 0
1 352
1 4
0 0
-1 2
1 29
1 293
0 0
0 0
1 15
1 17
1 38
1 44
1 93
1 39
1 52
1 22
0 0
1 10
-1 6
1 98
0 0
0 0
0 0
1 4
-1 -4
-1 56
1 36
1 4
1 136
1 465
1 68
1 4
1 33
1 36
1 28
1 14
1 44
1 88
1 14
1 2
0 40
1 12
1 18
1 36
1 12
1 22
0 0
1 34
1 182
1 21
1 49
1 31
1 397
1 143
1 40
1 32
0 0
1 12
1 6
1 35
1 518
1 60
1 116
1 129
1 23
0 0
0 0
-1 19
-1 -28
1 107
1 63
1 68
-1 -8
-1 18
0 0
1 2
1 120
1 55
-1 35
-1 7
1 3
-1 4
0 0
1 4
1 5
1 18
1 1
1 4
1 7
1 9
-1 64
0 0
1 83
-1 3
0 0
-1 -2
0 0
1 56
1 18
0 0
1 37
-1 1
1 43
-1 52
1 124
-1 -5
1 143
0 0
1 3
1 12
0 0
1 14
1 40
-1 0
-1 136
1 8
1 107
1 28
-1 5
1 4
1 12
-1 233
1 8
-1 7
0 0
1 135
0 0
1 95
1 80
1 200
-1 4
0 0
0 0
-1 28
1 202
1 102
-1 187
-1 -41
1 44
0 0
1 84
1 99
0 0
0 0
0 0
1 32
1 316
0 0
1 45
1 27
1 29
1 68
0 0
0 0
1 35
1 57
1 362
-1 1777
-1 227
1 55
1 17
0 0
1 63
1 41
1 52
1 9
1 37
-1 2
1 18
1 29
1 626
1 79
1 13
1 11
1 57
1 27
-1 4
-1 37
1 180
1 21
1 25
0 0
1 23
1 68
-1 49
1 16
1 267
1 59
1 63
0 0
1 74
-1 69
0 59
1 169
0 0
1 50
1 19
1 58
-1 21
1 4
0 0
-1 9
1 24
1 12
1 4
1 6
1 12
1 117
0 0
1 12
0 0
1 6
1 72
-1 46
1 8
0 0
0 0
1 2
1 18
1 60
1 95
0 0
1 11
0 0
1 51
0 0
1 60
1 58
-1 45
0 0
1 60
1 81
1 253
1 898
0 0
-1 7
1 17
1 13
0 0
-1 67
-1 -4
-1 90
0 0
0 0
1 17
0 0
1 100
-1 43
-1 24
1 38
-1 3
-1 24
0 0
0 0
0 0
1 30
1 19
1 5
0 0
1 51
-1 120
1 33
-1 3
0 0
0 0
-1 5
-1 62
0 0
0 0
-1 6
1 224
-1 -1
1 108
-1 80
-1 25
-1 4
0 0
0 0
1 6
1 41
1 19
1 25
1 5
1 105
1 9
1 2
1 11
-1 89
-1 8
1 9
0 0
0 0
0 0
0 0
1 18
1 1
1 19
-1 1
0 0
0 0
0 0
-1 20
1 13
1 554
0 0
0 0
1 22
1 59
-1 -4
1 14
-1 14
1 108
1 2
-1 12
0 0
1 15
1 79
-1 16
-1 2
-1 82
1 33
1 5
1 4
1 85
1 47
1 14
1 107
1 108
1 447
0 0
-1 2
0 0
0 0
1 19
1 22
0 0
0 0
-1 6
-1 2
1 518
1 192
1 61
1 17
1 1511
-1 268
1 5
1 119
1 86
1 10
0 0
1 79
1 43
1 41
1 266
1 3
1 370
0 0
1 585
1 187
1 6
1 10
1 305
0 0
1 36
1 68
-1 87
-1 6
1 20
1 13
1 128
1 99
1 4
1 138
1 56
0 0
1 5
1 25
0 0
1 18
-1 172
1 98
-1 -6
1 10
1 90
1 7
1 173
1 139
1 14
1 32
1 35
1 83
0 0
1 7
1 27
-1 68
-1 29
0 0
1 38
1 2
1 46
1 282
-1 43
1 45
1 33
0 0
1 3
1 17
1 59
1 970
1 8
0 0
0 0
-1 77
-1 7
1 458
0 0
0 0
1 52
1 398
1 3
-1 -33
1 15
1 58
-1 14
-1 106
1 29
1 62
-1 -41
1 191
1 162
1 23
1 524
-1 1
-1 69
0 0
0 0
-1 1
-1 7
0 0
1 34
1 17
-1 7
1 15
1 99
1 79
-1 20
1 1
1 7
1 16
-1 208
1 194
0 0
-1 -27
1 2
-1 22
-1 -2
1 39
-1 21
1 5
0 0
-1 1
0 0
1 22
-1 -15
-1 17
0 0
1 8
1 64
-1 116
1 306
1 18
-1 33
0 0
1 100
0 0
1 8
1 219
1 28
1 5
1 1
1 17
1 53
-1 -4
-1 89
-1 21
0 0
1 8
1 209
1 56
1 105
-1 24
-1 60
1 226
1 47
1 8
-1 166
1 154
0 0
1 80
-1 91
1 19
0 0
0 0
1 266
-1 5
0 0
1 77
1 13
1 185
0 0
0 0
-1 37
0 0
1 3
1 4
1 10
1 14
-1 37
-1 152
1 9
1 290
1 13
-1 113
-1 48
-1 107
1 171
1 169
1 181
1 45
1 41
1 14
1 39
1 405
1 86
1 45
1 57
1 128
1 21
-1 -7
1 6
1 350
-1 -41
1 132
1 15
1 48
1 11
1 1
1 136
1 43
1 279
1 80
0 0
1 4
1 152
1 62
1 21
1 229
1 483
0 0
1 32
1 16
0 0
1 210
1 177
1 1
1 254
1 201
1 155
1 14
-1 22
-1 98
0 0
1 142
0 0
0 0
1 14
