1 99
1 32
1 5
0 0
1 106
0 0
-1 4
1 82
-1 5
1 22
0 0
1 28
1 6
1 32
0 0
1 20
0 0
1 21
-1 10
1 2
1 56
1 72
1 13
1 61
-1 15
1 20
0 0
0 0
-1 8
0 0
-1 25
1 22
1 2
1 69
0 0
0 0
1 26
1 9
-1 158
0 0
1 126
-1 14
1 91
1 20
1 247
-1 27
0 0
1 3
1 167
1 22
1 5
1 7
1 148
0 0
1 37
1 46
1 45
1 4
-1 -4
1 25
-1 19
1 19
0 0
1 7
0 0
-1 32
0 0
0 0
1 8
0 0
1 42
1 5
0 0
1 6
1 34
1 49
1 11
1 21
0 0
1 96
1 15
1 258
-1 -1
0 0
-1 0
1 10
1 24
1 45
1 128
1 8
1 147
0 0
0 0
1 18
1 49
0 0
1 12
1 78
1 35
1 6
0 0
1 65
1 16
0 0
-1 -4
-1 50
0 0
1 11
-1 37
-1 -4
1 27
1 36
0 0
0 0
1 7
0 0
1 21
1 10
1 52
0 0
0 0
1 62
1 33
1 53
1 1
0 0
1 13
1 76
1 43
-1 9
1 438
-1 -12
1 84
1 29
-1 37
-1 1
1 50
1 16
0 0
1 18
1 69
1 37
1 6
0 0
1 8
1 4
1 187
-1 2
-1 15
1 19
1 8
0 0
1 10
1 158
1 14
1 33
-1 18
1 70
1 31
1 3
1 13
-1 163
0 0
1 9
1 63
1 5
1 22
0 0
1 47
-1 2
1 41
0 0
-1 4
1 11
0 0
-1 37
1 155
-1 16
1 22
1 6
1 65
0 0
1 19
-1 16
0 0
1 239
1 744
1 298
0 0
1 56
1 138
1 91
1 498
0 0
1 15
1 9
-1 29
0 0
-1 2
1 11
1 11
1 22
1 31
-1 37
1 6
0 0
-1 8
0 0
0 0
1 4
1 20
1 29
-1 53
-1 7
1 188
1 51
-1 166
1 26
1 905
-1 3
-1 81
1 5
1 50
1 12
1 13
-1 142
-1 4
1 23
-1 141
1 118
-1 2
1 93
1 122
1 104
-1 24
1 7
1 4
0 0
1 29
1 8
0 0
0 0
1 7
1 42
0 0
1 8
1 239
-1 1
-1 37
0 0
-1 1
1 5
1 23
1 33
1 47
0 0
0 0
1 19
1 8
1 6
1 3
1 13
1 23
-1 40
-1 27
1 2
1 343
-1 66
1 5
0 0
-1 58
1 46
1 18
-1 -4
-1 16
1 60
-1 80
0 0
0 0
0 0
1 1
1 5
-1 6
1 189
0 0
-1 43
1 2
1 14
1 14
1 4
-1 -14
0 0
1 4
1 42
0 0
-1 3
-1 20
1 60
1 13
-1 231
-1 3
0 0
0 0
1 46
0 0
-1 19
1 26
-1 4
1 29
1 5
1 25
0 0
0 0
1 23
1 41
0 0
1 10
1 82
1 13
0 0
1 12
-1 1
1 16
0 0
0 0
1 72
1 96
1 13
1 88
1 185
1 40
1 114
1 53
1 17
0 0
-1 6
1 25
0 0
0 64
0 0
1 8
1 7
1 24
1 7
1 314
1 42
-1 84
1 38
1 14
0 0
0 0
-1 7
-1 6
0 0
1 11
0 0
-1 9
-1 15
0 0
-1 5
1 240
1 25
1 2
0 0
1 3
1 5
0 0
0 0
0 0
0 0
1 20
1 94
1 9
0 0
1 68
1 7
-1 21
0 0
0 0
0 0
1 3
1 4
0 0
1 6
1 5
1 5
1 31
-1 2
1 12
1 6
-1 14
0 0
1 5
1 56
1 37
0 0
-1 1
-1 269
1 11
1 45
1 53
-1 15
1 71
0 0
-1 -51
0 0
0 0
-1 7
-1 15
1 70
0 0
1 18
1 9
1 28
-1 25
-1 -28
1 6
1 2
-1 28
-1 -10
1 6
1 7
-1 10
1 1
1 4
1 3
1 2
1 5
-1 90
-1 3
1 124
1 31
1 6
1 5
0 0
-1 19
1 19
0 0
1 2
-1 3
1 29
0 0
0 0
1 7
0 0
1 93
0 0
1 35
1 8
1 83
0 0
0 0
-1 -5
-1 24
0 0
1 18
0 0
1 14
1 6
-1 3
1 10
1 12
-1 18
-1 1
0 0
0 0
-1 7
-1 35
-1 12
-1 -1
1 265
1 8
1 49
0 0
0 0
1 56
0 0
1 15
1 364
1 127
0 0
1 75
1 8
1 52
0 0
1 20
1 50
-1 175
1 50
0 0
1 58
0 0
1 145
1 25
1 112
1 81
1 3
-1 25
0 0
0 0
1 64
1 133
1 77
1 117
-1 248
1 9
-1 47
1 170
1 32
-1 -1
0 0
0 0
1 49
-1 -5
1 26
1 13
1 15
1 130
1 4
1 21
-1 37
1 17
1 118
0 0
1 98
0 0
1 4
-1 6
1 4
1 1
1 3
1 51
0 0
0 0
0 0
0 0
0 0
1 2
0 0
0 0
-1 31
-1 78
-1 5
-1 2
-1 2
1 101
0 0
0 0
1 7
-1 -4
-1 -185
0 0
-1 86
0 0
1 76
1 29
1 10
1 34
1 84
1 17
-1 1
-1 111
-1 13
1 7
-1 13
1 16
0 0
1 6
0 0
0 0
0 0
-1 14
1 124
1 17
1 42
1 77
1 48
-1 -2
0 0
-1 83
1 147
1 53
-1 9
0 0
0 0
0 0
-1 35
-1 16
1 10
1 27
1 5
1 13
1 17
0 0
1 1
0 0
0 0
1 893
1 14
0 0
1 3
-1 1
0 0
0 0
0 0
1 15
1 7
1 3
1 15
1 13
1 19
1 17
1 237
1 16
0 0
-1 -40
0 0
1 2
1 8
0 0
0 0
-1 -1
1 17
0 0
1 4
0 0
1 9
-1 2
1 3
-1 -4
-1 3
0 0
0 0
0 0
0 0
1 10
-1 3
1 4
1 37
0 0
0 0
0 0
0 0
0 0
0 0
1 14
1 3
-1 -11
1 4
1 4
-1 3
0 0
1 10
1 6
-1 -12
1 3
1 9
1 7
1 155
1 23
0 0
0 0
1 97
0 0
1 97
1 8
0 0
0 0
0 0
0 0
0 0
0 0
0 0
-1 81
-1 45
1 35
1 58
1 6
1 17
1 13
1 25
1 15
1 18
0 0
1 44
1 48
1 30
1 53
1 24
1 17
1 4
1 134
1 27
1 95
0 0
1 9
1 16
1 4
1 9
1 35
1 79
1 3
-1 -10
1 17
1 4
1 134
1 27
1 95
0 0
1 9
1 16
1 4
1 9
1 35
1 79
1 3
-1 110
1 55
1 39
1 20
-1 8
1 18
1 16
1 16
1 14
1 12
1 21
1 64
0 0
1 5
1 5
0 0
1 101
1 20
0 0
0 0
1 3
1 15
-1 6
1 169
1 61
1 334
1 47
0 0
1 18
0 0
1 14
0 0
-1 59
1 747
1 597
-1 119
1 120
-1 96
1 11
1 377
1 29
0 0
1 8
0 0
-1 20
1 114
0 0
0 0
1 96
1 61
0 0
1 26
1 12
1 131
1 44
0 0
1 6
1 17
1 16
1 42
1 7
-1 10
1 6
1 157
1 558
0 0
1 12
1 7
1 5
1 26
1 32
0 0
1 7
-1 104
1 10
1 1
1 20
1 31
1 194
1 18
1 18
1 51
1 4
1 38
1 112
1 75
0 0
1 25
1 47
0 0
1 17
0 0
-1 31
1 50
1 33
-1 -16
1 54
1 6
-1 30
-1 -1
-1 -20
0 0
1 89
-1 14
0 0
1 58
1 89
-1 4
1 18
1 13
0 0
1 3
1 6
1 47
1 162
1 8
-1 1
0 0
-1 3
0 0
0 0
1 2
1 11
0 0
0 0
1 35
-1 23
1 9
0 0
1 3
1 11
0 0
0 0
-1 2
1 11
-1 29
0 0
-1 64
1 15
1 86
1 144
1 2
1 21
0 0
1 5
1 69
1 8
-1 2
1 11
1 10
1 25
-1 1
0 0
0 0
1 24
1 7
1 35
1 17
-1 31
0 0
1 28
-1 3
0 0
1 5
1 5
0 0
1 9
1 40
0 0
1 38
-1 0
1 29
0 0
-1 8
-1 8
1 14
1 17
1 11
1 6
1 46
1 3
1 26
1 57
1 97
1 72
1 6
1 57
0 0
1 11
0 0
1 4
-1 -5
1 14
1 11
1 8
1 42
0 0
-1 -2
0 0
1 3
-1 33
1 20
1 23
0 0
0 12
1 2
0 0
1 12
1 9
1 14
-1 11
1 18
-1 8
1 39
1 5
0 0
1 31
1 58
1 2
1 2
1 47
0 0
1 14
1 17
1 5
0 0
1 8
1 39
-1 -4
0 0
0 0
1 7
0 0
-1 13
1 54
1 114
-1 -13
1 3
1 9
1 27
1 19
1 66
1 14
-1 5
1 96
1 359
1 10
0 0
1 76
1 2
1 44
1 51
1 27
1 52
1 7
1 1
-1 83
-1 18
1 6
-1 8
1 114
-1 3
1 163
-1 -14
-1 7
1 27
1 8
1 77
1 33
1 3
0 0
0 0
-1 1
-1 24
1 14
1 17
1 72
0 0
1 34
1 44
1 8
1 17
-1 9
1 11
0 0
1 4
1 3
1 2
1 25
0 0
1 4
0 0
1 3
1 35
-1 4
0 0
1 6
1 4
-1 16
1 4
1 12
-1 31
1 10
1 26
1 20
1 29
1 71
1 10
1 12
0 0
1 10
0 0
0 0
1 39
0 0
1 21
-1 21
1 21
-1 9
0 0
0 0
0 0
1 69
1 47
0 0
1 11
1 15
-1 -15
1 1
0 0
1 1
1 3
1 3
1 30
1 19
0 0
1 21
1 13
-1 39
1 44
-1 33
1 6
1 6
1 43
-1 -2
1 15
1 56
1 7
1 31
1 93
1 10
0 0
1 8
0 0
0 0
1 51
-1 8
1 4
1 3
-1 641
-1 15
1 19
-1 100
-1 669
-1 -14
0 0
-1 50
1 28
1 242
1 25
1 83
-1 18
1 34
-1 28
1 16
-1 20
-1 1
1 3
-1 15
-1 1
1 43
0 0
1 12
1 2
1 2
1 2
1 2
0 0
1 8
-1 24
0 0
1 50
0 0
0 0
0 0
-1 42
0 0
1 4
-1 1
-1 3
0 0
0 0
-1 49
-1 25
1 93
-1 3
-1 -30
-1 16
1 54
-1 42
-1 -20
0 0
0 0
0 0
1 7
1 15
1 254
0 0
-1 3
-1 125
1 8
1 4
1 3
1 8
1 6
0 0
-1 14
1 33
1 19
1 5
0 0
-1 13
1 30
1 37
1 11
1 58
1 4
0 0
-1 2
1 21
1 137
1 46
1 13
1 38
1 18
1 45
1 15
1 46
-1 18
0 0
1 7
0 0
-1 1
1 2
0 0
1 55
-1 252
1 2
0 0
1 9
1 39
-1 14
-1 62
1 30
1 21
1 7
-1 24
-1 49
1 8
1 94
1 32
1 37
0 0
1 26
1 7
1 25
1 97
1 17
1 36
1 38
1 24
1 21
1 3
0 0
1 3
1 8
1 5
0 0
-1 -10
1 13
1 89
1 171
1 29
0 0
1 14
0 0
1 8
0 0
1 23
-1 6
0 0
-1 45
-1 14
0 0
-1 10
1 29
1 32
0 0
1 78
-1 3
-1 -12
0 0
-1 20
1 245
0 0
0 0
1 16
1 3
1 21
1 303
1 46
1 17
1 18
1 9
1 3
1 58
0 0
0 0
-1 60
1 5
-1 1
1 10
1 73
0 0
1 2
1 30
1 16
1 76
1 2
-1 78
0 0
-1 3
0 0
0 0
1 25
1 11
1 106
1 2
1 12
1 108
1 95
1 12
1 14
1 11
1 24
0 0
1 75
0 0
-1 42
1 85
0 0
0 0
0 0
1 1
0 0
0 0
1 106
1 22
1 7
1 27
1 6
1 128
0 0
1 13
0 0
-1 4
-1 3
1 31
0 0
1 13
1 9
1 131
-1 65
1 9
-1 -3
1 16
1 34
-1 82
1 61
1 7
-1 24
-1 -1
-1 6
1 140
-1 16
-1 -1
-1 -1
0 0
0 0
1 29
1 18
1 8
-1 -2
1 10
-1 1
1 12
1 8
0 0
1 26
1 134
-1 115
1 154
-1 30
0 0
-1 29
1 95
1 4
1 4
0 0
-1 -12
1 53
0 0
1 32
1 4
-1 29
1 11
1 25
1 47
1 80
1 38
1 138
1 501
-1 116
-1 80
0 0
1 223
1 1
1 4
1 14
1 1
1 84
1 78
0 0
1 4
1 72
0 0
1 32
1 35
1 32
1 14
1 19
1 12
1 6
1 4
-1 -34
1 47
1 42
1 3
1 4
-1 24
1 49
-1 29
1 24
-1 -4
0 0
1 30
0 0
0 0
1 5
1 15
1 93
1 98
1 66
-1 11
1 100
1 12
-1 3
1 19
0 0
1 10
-1 1
1 4
1 7
1 18
-1 199
0 0
0 0
1 93
0 0
1 3
1 22
0 0
1 65
1 7
1 187
1 20
1 21
1 98
1 158
1 14
-1 -33
1 45
0 0
0 0
1 24
1 7
1 6
1 49
1 44
-1 -10
1 10
-1 -5
1 63
1 24
1 35
1 17
-1 2
1 70
0 0
1 31
1 35
0 0
1 13
-1 5
-1 -4
1 27
1 103
0 0
1 7
0 0
1 18
0 0
1 12
1 11
1 90
0 0
0 0
1 5
1 63
-1 1
-1 8
-1 -6
0 0
1 33
-1 -3
1 14
1 70
1 6
-1 12
1 15
1 8
1 10
1 23
1 136
1 0
1 29
0 0
0 0
1 23
1 33
-1 102
0 0
1 30
1 23
1 5
-1 193
1 20
1 512
0 86
1 24
-1 11
1 58
1 34
1 227
1 14
1 14
1 21
0 0
1 72
1 29
1 98
-1 5
0 0
-1 6
0 0
1 52
1 22
1 15
1 7
0 0
1 5
0 0
0 0
1 7
0 0
-1 33
0 0
0 0
0 0
1 52
1 16
0 0
1 3
1 2
1 9
0 0
1 2
1 73
0 0
1 18
1 6
0 0
0 0
-1 15
1 15
1 6
1 21
1 72
1 23
-1 12
1 45
-1 -3
1 20
1 24
0 0
-1 0
1 7
0 0
0 0
0 0
0 0
1 15
0 0
1 2
1 9
0 0
1 4
0 0
-1 1
1 4
-1 7
1 3
1 21
-1 41
-1 10
-1 34
1 3
1 48
1 32
-1 -2
1 11
-1 4
1 20
1 13
0 0
1 8
0 0
1 36
0 0
1 94
1 2
1 52
-1 146
1 16
0 0
1 12
1 70
1 71
1 94
1 37
0 0
1 7
-1 10
1 4
1 7
-1 12
-1 7
-1 3
-1 9
-1 13
1 13
0 0
-1 -12
-1 10
-1 18
0 0
1 99
1 2
0 0
1 2
0 0
0 0
-1 -3
-1 8
1 6
1 7
-1 47
1 2
-1 10
1 28
1 4
1 4
1 7
0 0
1 8
0 0
1 1
1 1
0 0
0 0
1 6
0 0
0 0
1 8
0 0
0 0
-1 0
0 0
-1 1
0 0
0 0
1 2
0 0
-1 6
-1 4
1 7
1 2
0 0
0 0
1 12
1 31
1 4
-1 6
0 0
1 2
-1 1
1 5
1 1
1 2
-1 2
1 19
0 0
-1 1
1 45
1 29
1 57
1 17
-1 13
-1 9
-1 11
-1 6
1 2
-1 -3
1 26
0 0
0 0
1 52
0 0
1 24
1 26
1 4
-1 17
1 25
0 0
0 0
1 25
1 25
1 11
1 9
1 1
1 7
0 0
1 5
0 0
-1 5
-1 4
1 10
0 0
1 3
0 0
1 47
0 0
-1 20
1 440
-1 34
1 2
-1 139
0 0
1 36
-1 20
0 0
1 2
0 0
-1 1
1 29
-1 16
1 10
1 32
1 90
1 14
1 13
1 42
0 0
1 78
1 52
1 15
0 0
1 4
0 0
-1 11
0 0
1 5
1 2
-1 1
1 2
-1 -1
0 26
0 0
1 8
-1 26
-1 2
0 0
0 0
1 16
0 0
-1 58
0 0
1 64
1 32
1 30
0 0
0 0
0 0
1 7
0 0
0 0
0 0
0 0
-1 1
1 2
0 0
0 0
1 6
0 0
1 23
0 0
1 31
1 10
1 69
1 22
-1 11
1 39
1 82
-1 1
1 15
1 7
-1 23
0 0
0 0
-1 11
0 0
1 4
1 145
-1 -1
1 26
0 0
0 0
-1 3
1 13
-1 27
0 0
1 12
-1 3
1 3
1 8
1 8
1 34
-1 10
0 0
0 0
1 20
1 69
-1 1
1 14
0 0
1 9
1 11
1 13
0 0
1 20
1 27
1 11
0 0
0 0
1 7
1 45
1 146
-1 77
1 168
1 59
1 255
0 0
0 0
1 11
-1 7
1 80
1 28
1 12
0 0
0 0
1 72
-1 43
